y_px,tick,seconds,bass_x,bass_value,bass_flag,bass_source,treble_x,treble_value,treble_flag,treble_source
132000,115518,195.8972,2090.0,0.88149,ink,traced,2214.5,0.85523,ink,traced
132001,115519,195.8988,2090.0,0.88149,ink,traced,2219.0,0.84565,ink,traced
132002,115520,195.9005,2090.5,0.88254,ink,traced,2216.0,0.85204,ink,traced
132003,115521,195.9021,2090.5,0.88254,ink,traced,2216.5,0.85097,ink,traced
132004,115522,195.9037,2090.0,0.88149,ink,traced,2217.5,0.84884,ink,traced
132005,115523,195.9054,2091.0,0.88359,ink,traced,2219.5,0.84459,ink,traced
132006,115524,195.907,2092.5,0.88673,ink,traced,2221.0,0.84139,ink,traced
132007,115525,195.9086,2090.5,0.88254,ink,traced,2222.5,0.8382,ink,traced
132008,115526,195.9103,2090.5,0.88254,ink,traced,2224.0,0.83501,ink,traced
132009,115527,195.9119,2091.0,0.88359,ink,traced,2224.5,0.83395,ink,traced
132010,115528,195.9136,2091.0,0.88359,ink,traced,2222.5,0.8382,ink,traced
132011,115529,195.9152,2091.0,0.88359,ink,traced,2226.5,0.82969,ink,traced
132012,115530,195.9168,2090.0,0.88149,ink,traced,2228.0,0.8265,ink,traced
132013,115531,195.9185,2090.5,0.88254,ink,traced,2230.0,0.82224,ink,traced
132014,115532,195.9201,2090.5,0.88254,ink,traced,2231.0,0.82011,ink,traced
132015,115533,195.9217,2090.0,0.88149,ink,traced,2232.5,0.81692,ink,traced
132016,115534,195.9234,2091.5,0.88464,ink,traced,2233.5,0.81479,ink,traced
132017,115535,195.925,2088.5,0.87834,ink,traced,2235.0,0.8116,ink,traced
132018,115536,195.9266,2090.5,0.88254,ink,traced,2236.0,0.80947,ink,traced
132019,115537,195.9283,2090.5,0.88254,ink,traced,2242.0,0.7967,ink,traced
132020,115538,195.9299,2089.0,0.87939,ink,traced,2238.5,0.80415,ink,traced
132021,115539,195.9315,2089.0,0.87939,ink,traced,2239.0,0.80309,ink,traced
132022,115540,195.9332,2090.5,0.88254,ink,traced,2240.0,0.80096,ink,traced
132023,115541,195.9348,2090.0,0.88149,ink,traced,2247.0,0.78606,ink,traced
132024,115542,195.9364,2090.0,0.88149,ink,traced,2242.5,0.79564,ink,traced
132025,115543,195.9381,2090.0,0.88149,ink,traced,2243.5,0.79351,ink,traced
132026,115544,195.9397,2089.0,0.87939,ink,traced,2250.0,0.77967,ink,traced
132027,115545,195.9414,2089.5,0.88044,ink,traced,2251.0,0.77755,ink,traced
132028,115546,195.943,2089.0,0.87939,ink,traced,2253.0,0.77329,ink,traced
132029,115547,195.9446,2089.5,0.88044,ink,traced,2251.0,0.77755,ink,traced
132030,115548,195.9463,2090.5,0.88254,ink,traced,2255.0,0.76903,ink,traced
132031,115549,195.9479,2088.5,0.87834,ink,traced,2256.0,0.7669,ink,traced
132032,115550,195.9495,2089.0,0.87939,ink,traced,2258.0,0.76265,ink,traced
132033,115551,195.9512,2090.0,0.88149,ink,traced,2259.0,0.76052,ink,traced
132034,115552,195.9528,2090.0,0.88149,ink,traced,2260.0,0.75839,ink,traced
132035,115553,195.9544,2090.0,0.88149,ink,traced,2255.5,0.76797,ink,traced
132036,115554,195.9561,2088.5,0.87834,ink,traced,2257.5,0.76371,ink,traced
132037,115555,195.9577,2090.0,0.88149,ink,traced,2263.0,0.75201,ink,traced
132038,115556,195.9593,2090.0,0.88149,ink,traced,2261.5,0.7552,ink,traced
132039,115557,195.961,2091.5,0.88464,ink,traced,2265.0,0.74775,ink,traced
132040,115558,195.9626,2089.5,0.88044,ink,traced,2266.0,0.74562,ink,traced
132041,115559,195.9642,2092.0,0.88568,ink,traced,2266.0,0.74562,ink,traced
132042,115560,195.9659,2091.5,0.88464,ink,traced,2263.5,0.75094,ink,traced
132043,115561,195.9675,2090.0,0.88149,ink,traced,2266.0,0.74562,ink,traced
132044,115562,195.9692,2091.0,0.88359,ink,traced,2270.0,0.73711,ink,traced
132045,115563,195.9708,2091.5,0.88464,ink,traced,2272.0,0.73285,ink,traced
132046,115564,195.9724,2090.5,0.88254,ink,traced,2267.5,0.74243,ink,traced
132047,115565,195.9741,2090.0,0.88149,ink,traced,2273.0,0.73072,ink,traced
132048,115566,195.9757,2091.5,0.88464,ink,traced,2269.5,0.73817,ink,traced
132049,115567,195.9773,2089.5,0.88044,ink,traced,2272.5,0.73179,ink,traced
132050,115568,195.979,2090.0,0.88149,ink,traced,2270.5,0.73604,ink,traced
132051,115569,195.9806,2089.5,0.88044,ink,traced,2273.0,0.73072,ink,traced
132052,115570,195.9822,2088.5,0.87834,ink,traced,2274.5,0.72753,ink,traced
132053,115571,195.9839,2090.0,0.88149,ink,traced,2279.0,0.71795,ink,traced
132054,115572,195.9855,2089.0,0.87939,ink,traced,2280.0,0.71583,ink,traced
132055,115573,195.9871,2089.5,0.88044,ink,traced,2281.0,0.7137,ink,traced
132056,115574,195.9888,2090.5,0.88254,ink,traced,2282.0,0.71157,ink,traced
132057,115575,195.9904,2089.5,0.88044,ink,traced,2283.0,0.70944,ink,traced
132058,115576,195.992,2091.5,0.88464,ink,traced,2283.0,0.70944,ink,traced
132059,115577,195.9937,2090.5,0.88254,ink,traced,2279.5,0.71689,ink,traced
132060,115578,195.9953,2091.0,0.88359,ink,traced,2279.5,0.71689,ink,traced
132061,115579,195.997,2090.0,0.88149,ink,traced,2286.0,0.70306,ink,traced
132062,115580,195.9986,2089.5,0.88044,ink,traced,2287.0,0.70093,ink,traced
132063,115581,196.0002,2089.5,0.88044,ink,traced,2282.5,0.71051,ink,traced
132064,115582,196.0019,2089.0,0.87939,ink,traced,2283.0,0.70944,ink,traced
132065,115583,196.0035,2089.0,0.87939,ink,traced,2289.0,0.69667,ink,traced
132066,115584,196.0051,2089.0,0.87939,ink,traced,2290.0,0.69454,ink,traced
132067,115585,196.0068,2090.5,0.88254,ink,traced,2289.0,0.69667,ink,traced
132068,115586,196.0084,2089.5,0.88044,ink,traced,2286.5,0.70199,ink,traced
132069,115587,196.01,2089.0,0.87939,ink,traced,2287.5,0.69986,ink,traced
132070,115588,196.0117,2090.5,0.88254,ink,traced,2293.0,0.68816,ink,traced
132071,115589,196.0133,2091.5,0.88464,ink,traced,2289.0,0.69667,ink,traced
132072,115590,196.0149,2089.0,0.87939,ink,traced,2295.0,0.6839,ink,traced
132073,115591,196.0166,2090.0,0.88149,ink,traced,2296.0,0.68177,ink,traced
132074,115592,196.0182,2089.5,0.88044,ink,traced,2296.0,0.68177,ink,traced
132075,115593,196.0198,2089.5,0.88044,ink,traced,2292.5,0.68922,ink,traced
132076,115594,196.0215,2089.0,0.87939,ink,traced,2293.0,0.68816,ink,traced
132077,115595,196.0231,2091.5,0.88464,ink,traced,2293.5,0.68709,ink,traced
132078,115596,196.0248,2089.5,0.88044,ink,traced,2295.5,0.68284,ink,traced
132079,115597,196.0264,2090.0,0.88149,ink,traced,2301.0,0.67113,ink,traced
132080,115598,196.028,2089.5,0.88044,ink,traced,2301.0,0.67113,ink,traced
132081,115599,196.0297,2089.5,0.88044,ink,traced,2303.0,0.66688,ink,traced
132082,115600,196.0313,2090.0,0.88149,ink,traced,2303.0,0.66688,ink,traced
132083,115601,196.0329,2089.5,0.88044,ink,traced,2304.0,0.66475,ink,traced
132084,115602,196.0346,2090.5,0.88254,ink,traced,2305.0,0.66262,ink,traced
132085,115603,196.0362,2089.5,0.88044,ink,traced,2300.5,0.6722,ink,traced
132086,115604,196.0378,2090.0,0.88149,ink,traced,2307.0,0.65836,ink,traced
132087,115605,196.0395,2090.5,0.88254,ink,traced,2303.5,0.66581,ink,traced
132088,115606,196.0411,2089.5,0.88044,ink,traced,2305.0,0.66262,ink,traced
132089,115607,196.0427,2089.5,0.88044,ink,traced,2305.5,0.66156,ink,traced
132090,115608,196.0444,2089.5,0.88044,ink,traced,2306.5,0.65943,ink,traced
132091,115609,196.046,2089.5,0.88044,ink,traced,2307.5,0.6573,ink,traced
132092,115610,196.0476,2091.5,0.88464,ink,traced,2308.0,0.65623,ink,traced
132093,115611,196.0493,2090.5,0.88254,ink,traced,2309.5,0.65304,ink,traced
132094,115612,196.0509,2089.0,0.87939,ink,traced,2309.5,0.65304,ink,traced
132095,115613,196.0526,2089.5,0.88044,ink,traced,2310.5,0.65091,ink,traced
132096,115614,196.0542,2089.5,0.88044,ink,traced,2311.5,0.64879,ink,traced
132097,115615,196.0558,2089.0,0.87939,ink,traced,2317.0,0.63708,ink,traced
132098,115616,196.0575,2088.5,0.87834,ink,traced,2313.0,0.64559,ink,traced
132099,115617,196.0591,2088.0,0.87729,ink,traced,2319.0,0.63282,ink,traced
132100,115618,196.0607,2088.0,0.87729,ink,traced,2320.0,0.6307,ink,traced
132101,115619,196.0624,2088.5,0.87834,ink,traced,2317.5,0.63602,ink,traced
132102,115620,196.064,2088.0,0.87729,ink,traced,2317.5,0.63602,ink,traced
132103,115621,196.0656,2088.0,0.87729,ink,traced,2317.5,0.63602,ink,traced
132104,115622,196.0673,2088.0,0.87729,ink,traced,2323.0,0.62431,ink,traced
132105,115623,196.0689,2087.5,0.87624,ink,traced,2318.5,0.63389,ink,traced
132106,115624,196.0705,2089.0,0.87939,ink,traced,2320.0,0.6307,ink,traced
132107,115625,196.0722,2089.0,0.87939,ink,traced,2322.5,0.62537,ink,traced
132108,115626,196.0738,2089.0,0.87939,ink,traced,2321.5,0.6275,ink,traced
132109,115627,196.0754,2089.5,0.88044,ink,traced,2322.0,0.62644,ink,traced
132110,115628,196.0771,2089.5,0.88044,ink,traced,2322.5,0.62537,ink,traced
132111,115629,196.0787,2089.5,0.88044,ink,traced,2324.0,0.62218,ink,traced
132112,115630,196.0803,2089.5,0.88044,ink,traced,2325.0,0.62005,ink,traced
132113,115631,196.082,2089.0,0.87939,ink,traced,2325.5,0.61899,ink,traced
132114,115632,196.0836,2089.0,0.87939,ink,traced,2326.5,0.61686,ink,traced
132115,115633,196.0853,2089.0,0.87939,ink,traced,2326.5,0.61686,ink,traced
132116,115634,196.0869,2089.0,0.87939,ink,traced,2326.5,0.61686,ink,traced
132117,115635,196.0885,2089.0,0.87939,ink,traced,2326.5,0.61686,ink,traced
132118,115636,196.0902,2089.5,0.88044,ink,traced,2327.0,0.6158,ink,traced
132119,115637,196.0918,2090.0,0.88149,ink,traced,2327.0,0.6158,ink,traced
132120,115638,196.0934,2090.5,0.88254,ink,traced,2327.0,0.6158,ink,traced
132121,115639,196.0951,2092.0,0.88568,ink,traced,2327.0,0.6158,ink,traced
132122,115640,196.0967,2093.5,0.88883,ink,traced,2327.0,0.6158,ink,traced
132123,115641,196.0983,2094.5,0.89093,ink,traced,2327.5,0.61473,ink,traced
132124,115642,196.1,2096.5,0.89513,ink,traced,2327.5,0.61473,ink,traced
132125,115643,196.1016,2098.5,0.89932,ink,traced,2327.5,0.61473,ink,traced
132126,115644,196.1032,2100.0,0.90247,ink,traced,2327.5,0.61473,ink,traced
132127,115645,196.1049,2103.0,0.90877,ink,traced,2327.5,0.61473,ink,traced
132128,115646,196.1065,2104.0,0.91087,ink,traced,2327.5,0.61473,ink,traced
132129,115647,196.1081,2105.0,0.91296,ink,traced,2327.5,0.61473,ink,traced
132130,115648,196.1098,2105.5,0.91401,ink,traced,2327.5,0.61473,ink,traced
132131,115649,196.1114,2105.0,0.91296,ink,traced,2328.5,0.61261,ink,traced
132132,115650,196.1131,2107.5,0.91821,ink,traced,2328.5,0.61261,ink,traced
132133,115651,196.1147,2107.0,0.91716,ink,traced,2328.5,0.61261,ink,traced
132134,115652,196.1163,2107.5,0.91821,ink,traced,2328.5,0.61261,ink,traced
132135,115653,196.118,2107.0,0.91716,ink,traced,2328.5,0.61261,ink,traced
132136,115654,196.1196,2108.5,0.92031,ink,traced,2328.5,0.61261,ink,traced
132137,115655,196.1212,2107.0,0.91716,ink,traced,2328.5,0.61261,ink,traced
132138,115656,196.1229,2108.0,0.91926,ink,traced,2328.0,0.61367,ink,traced
132139,115657,196.1245,2107.0,0.91716,ink,traced,2328.5,0.61261,ink,traced
132140,115658,196.1261,2109.0,0.92136,ink,traced,2328.5,0.61261,ink,traced
132141,115659,196.1278,2109.0,0.92136,ink,traced,2328.5,0.61261,ink,traced
132142,115660,196.1294,2109.0,0.92136,ink,traced,2328.0,0.61367,ink,traced
132143,115661,196.131,2107.0,0.91716,ink,traced,2328.0,0.61367,ink,traced
132144,115662,196.1327,2107.0,0.91716,ink,traced,2328.0,0.61367,ink,traced
132145,115663,196.1343,2108.5,0.92031,ink,traced,2327.5,0.61473,ink,traced
132146,115664,196.1359,2108.5,0.92031,ink,traced,2327.5,0.61473,ink,traced
132147,115665,196.1376,2109.0,0.92136,ink,traced,2327.5,0.61473,ink,traced
132148,115666,196.1392,2108.0,0.91926,ink,traced,2328.0,0.61367,ink,traced
132149,115667,196.1409,2107.5,0.91821,ink,traced,2328.0,0.61367,ink,traced
132150,115668,196.1425,2109.0,0.92136,ink,traced,2328.0,0.61367,ink,traced
132151,115669,196.1441,2108.5,0.92031,ink,traced,2327.5,0.61473,ink,traced
132152,115670,196.1458,2107.0,0.91716,ink,traced,2326.5,0.61686,ink,traced
132153,115671,196.1474,2106.0,0.91506,ink,traced,2325.0,0.62005,ink,traced
132154,115672,196.149,2107.0,0.91716,ink,traced,2322.0,0.62644,ink,traced
132155,115673,196.1507,2105.0,0.91296,ink,traced,2314.0,0.64347,ink,traced
132156,115674,196.1523,2105.5,0.91401,ink,traced,2308.0,0.65623,ink,traced
132157,115675,196.1539,2105.0,0.91296,ink,traced,2308.5,0.65517,ink,traced
132158,115676,196.1556,2107.0,0.91716,ink,traced,2302.0,0.669,ink,traced
132159,115677,196.1572,2106.0,0.91506,ink,traced,2296.0,0.68177,ink,traced
132160,115678,196.1588,2105.0,0.91296,ink,traced,2298.0,0.67752,ink,traced
132161,115679,196.1605,2107.5,0.91821,ink,traced,2290.0,0.69454,ink,traced
132162,115680,196.1621,2106.5,0.91611,ink,traced,2287.0,0.70093,ink,traced
132163,115681,196.1637,2105.0,0.91296,ink,traced,2287.5,0.69986,ink,traced
132164,115682,196.1654,2107.0,0.91716,ink,traced,2284.0,0.70731,ink,traced
132165,115683,196.167,2105.5,0.91401,ink,traced,2279.0,0.71795,ink,traced
132166,115684,196.1687,2104.5,0.91191,ink,traced,2277.5,0.72115,ink,traced
132167,115685,196.1703,2107.0,0.91716,ink,traced,2275.0,0.72647,ink,traced
132168,115686,196.1719,2107.0,0.91716,ink,traced,2272.5,0.73179,ink,traced
132169,115687,196.1736,2107.0,0.91716,ink,traced,2267.5,0.74243,ink,traced
132170,115688,196.1752,2106.5,0.91611,ink,traced,2263.0,0.75201,ink,traced
132171,115689,196.1768,2106.5,0.91611,ink,traced,2262.0,0.75414,ink,traced
132172,115690,196.1785,2106.5,0.91611,ink,traced,2256.5,0.76584,ink,traced
132173,115691,196.1801,2107.0,0.91716,ink,traced,2255.0,0.76903,ink,traced
132174,115692,196.1817,2106.5,0.91611,ink,traced,2253.5,0.77223,ink,traced
132175,115693,196.1834,2107.0,0.91716,ink,traced,2250.0,0.77967,ink,traced
132176,115694,196.185,2106.0,0.91506,ink,traced,2245.0,0.79032,ink,traced
132177,115695,196.1866,2107.0,0.91716,ink,traced,2243.5,0.79351,ink,traced
132178,115696,196.1883,2107.0,0.91716,ink,traced,2238.0,0.80521,ink,traced
132179,115697,196.1899,2107.0,0.91716,ink,traced,2237.0,0.80734,ink,traced
132180,115698,196.1915,2106.5,0.91611,ink,traced,2234.0,0.81373,ink,traced
132181,115699,196.1932,2107.0,0.91716,ink,traced,2230.0,0.82224,ink,traced
132182,115700,196.1948,2107.0,0.91716,ink,traced,2228.0,0.8265,ink,traced
132183,115701,196.1965,2106.0,0.91506,ink,traced,2224.5,0.83395,ink,traced
132184,115702,196.1981,2107.0,0.91716,ink,traced,2222.5,0.8382,ink,traced
132185,115703,196.1997,2107.0,0.91716,ink,traced,2218.0,0.84778,ink,traced
132186,115704,196.2014,2107.0,0.91716,ink,traced,2213.5,0.85736,ink,traced
132187,115705,196.203,2105.5,0.91401,ink,traced,2211.0,0.86268,ink,traced
132188,115706,196.2046,2107.5,0.91821,ink,traced,2207.0,0.87119,ink,traced
132189,115707,196.2063,2107.0,0.91716,ink,traced,2205.0,0.87545,ink,traced
132190,115708,196.2079,2106.0,0.91506,ink,traced,2202.0,0.88183,ink,traced
132191,115709,196.2095,2106.0,0.91506,ink,traced,2198.5,0.88928,ink,traced
132192,115710,196.2112,2106.5,0.91611,ink,traced,2195.5,0.89566,ink,traced
132193,115711,196.2128,2107.0,0.91716,ink,traced,2192.0,0.90311,ink,traced
132194,115712,196.2144,2106.5,0.91611,ink,traced,2192.0,0.90311,ink,traced
132195,115713,196.2161,2107.5,0.91821,ink,traced,2188.0,0.91163,ink,traced
132196,115714,196.2177,2106.5,0.91611,ink,traced,2186.0,0.91588,ink,traced
132197,115715,196.2193,2106.5,0.91611,ink,traced,2181.5,0.92546,ink,traced
132198,115716,196.221,2106.5,0.91611,ink,traced,2178.0,0.93291,ink,traced
132199,115717,196.2226,2105.5,0.91401,ink,traced,2175.5,0.93823,ink,traced
132200,115718,196.2243,2105.5,0.91401,ink,traced,2174.5,0.94036,ink,traced
132201,115719,196.2259,2106.5,0.91611,ink,traced,2172.0,0.94568,ink,traced
132202,115720,196.2275,2105.0,0.91296,ink,traced,2169.0,0.95206,ink,traced
132203,115721,196.2292,2107.0,0.91716,ink,traced,2168.5,0.95313,ink,traced
132204,115722,196.2308,2106.5,0.91611,ink,traced,2167.5,0.95526,ink,traced
132205,115723,196.2324,2106.5,0.91611,ink,traced,2166.0,0.95845,ink,traced
132206,115724,196.2341,2106.0,0.91506,ink,traced,2166.5,0.95738,ink,traced
132207,115725,196.2357,2107.0,0.91716,ink,traced,2167.0,0.95632,ink,traced
132208,115726,196.2373,2105.0,0.91296,ink,traced,2167.0,0.95632,ink,traced
132209,115727,196.239,2106.5,0.91611,ink,traced,2166.5,0.95738,ink,traced
132210,115728,196.2406,2106.5,0.91611,ink,traced,2170.0,0.94994,ink,traced
132211,115729,196.2422,2106.5,0.91611,ink,traced,2168.5,0.95313,ink,traced
132212,115730,196.2439,2106.5,0.91611,ink,traced,2169.0,0.95206,ink,traced
132213,115731,196.2455,2106.5,0.91611,ink,traced,2168.5,0.95313,ink,traced
132214,115732,196.2471,2106.5,0.91611,ink,traced,2169.0,0.95206,ink,traced
132215,115733,196.2488,2107.0,0.91716,ink,traced,2169.0,0.95206,ink,traced
132216,115734,196.2504,2105.5,0.91401,ink,traced,2169.0,0.95206,ink,traced
132217,115735,196.2521,2107.0,0.91716,ink,traced,2169.0,0.95206,ink,traced
132218,115736,196.2537,2106.5,0.91611,ink,traced,2169.0,0.95206,ink,traced
132219,115737,196.2553,2106.5,0.91611,ink,traced,2169.0,0.95206,ink,traced
132220,115738,196.257,2106.5,0.91611,ink,traced,2169.0,0.95206,ink,traced
132221,115739,196.2586,2106.0,0.91506,ink,traced,2169.0,0.95206,ink,traced
132222,115740,196.2602,2107.0,0.91716,ink,traced,2169.5,0.951,ink,traced
132223,115741,196.2619,2106.5,0.91611,ink,traced,2169.0,0.95206,ink,traced
132224,115742,196.2635,2105.5,0.91401,ink,traced,2169.0,0.95206,ink,traced
132225,115743,196.2651,2107.0,0.91716,ink,traced,2169.0,0.95206,ink,traced
132226,115744,196.2668,2106.5,0.91611,ink,traced,2169.5,0.951,ink,traced
132227,115745,196.2684,2106.5,0.91611,ink,traced,2169.5,0.951,ink,traced
132228,115746,196.27,2106.5,0.91611,ink,traced,2169.5,0.951,ink,traced
132229,115747,196.2717,2106.5,0.91611,ink,traced,2169.5,0.951,ink,traced
132230,115748,196.2733,2106.5,0.91611,ink,traced,2169.5,0.951,ink,traced
132231,115749,196.2749,2105.0,0.91296,ink,traced,2169.5,0.951,ink,traced
132232,115750,196.2766,2107.0,0.91716,ink,traced,2169.5,0.951,ink,traced
132233,115751,196.2782,2107.0,0.91716,ink,traced,2169.5,0.951,ink,traced
132234,115752,196.2799,2106.5,0.91611,ink,traced,2169.0,0.95206,ink,traced
132235,115753,196.2815,2107.0,0.91716,ink,traced,2169.0,0.95206,ink,traced
132236,115754,196.2831,2107.0,0.91716,ink,traced,2169.5,0.951,ink,traced
132237,115755,196.2848,2106.0,0.91506,ink,traced,2169.5,0.951,ink,traced
132238,115756,196.2864,2106.0,0.91506,ink,traced,2169.5,0.951,ink,traced
132239,115757,196.288,2106.0,0.91506,ink,traced,2169.5,0.951,ink,traced
132240,115758,196.2897,2106.5,0.91611,ink,traced,2169.5,0.951,ink,traced
132241,115759,196.2913,2106.0,0.91506,ink,traced,2168.5,0.95313,ink,traced
132242,115760,196.2929,2106.5,0.91611,ink,traced,2168.5,0.95313,ink,traced
132243,115761,196.2946,2105.0,0.91296,ink,traced,2169.5,0.951,ink,traced
132244,115762,196.2962,2105.5,0.91401,ink,traced,2169.5,0.951,ink,traced
132245,115763,196.2978,2106.5,0.91611,ink,traced,2169.0,0.95206,ink,traced
132246,115764,196.2995,2105.5,0.91401,ink,traced,2169.0,0.95206,ink,traced
132247,115765,196.3011,2105.5,0.91401,ink,traced,2169.5,0.951,ink,traced
132248,115766,196.3027,2107.0,0.91716,ink,traced,2169.5,0.951,ink,traced
132249,115767,196.3044,2107.0,0.91716,ink,traced,2169.0,0.95206,ink,traced
132250,115768,196.306,2107.0,0.91716,ink,traced,2169.0,0.95206,ink,traced
132251,115769,196.3076,2107.0,0.91716,ink,traced,2169.0,0.95206,ink,traced
132252,115770,196.3093,2106.5,0.91611,ink,traced,2169.5,0.951,ink,traced
132253,115771,196.3109,2106.5,0.91611,ink,traced,2169.5,0.951,ink,traced
132254,115772,196.3126,2106.5,0.91611,ink,traced,2176.0,0.93717,ink,traced
132255,115773,196.3142,2107.0,0.91716,ink,traced,2179.0,0.93078,ink,traced
132256,115774,196.3158,2105.0,0.91296,ink,traced,2187.0,0.91375,ink,traced
132257,115775,196.3175,2106.5,0.91611,ink,traced,2194.0,0.89886,ink,traced
132258,115776,196.3191,2107.0,0.91716,ink,traced,2203.0,0.8797,ink,traced
132259,115777,196.3207,2107.0,0.91716,ink,traced,2209.0,0.86693,ink,traced
132260,115778,196.3224,2106.5,0.91611,ink,traced,2218.0,0.84778,ink,traced
132261,115779,196.324,2106.5,0.91611,ink,traced,2224.0,0.83501,ink,traced
132262,115780,196.3256,2106.5,0.91611,ink,traced,2234.0,0.81372,ink,traced
132263,115781,196.3273,2106.5,0.91611,ink,traced,2246.0,0.78819,ink,traced
132264,115782,196.3289,2106.5,0.91611,ink,traced,2262.0,0.75413,ink,traced
132265,115783,196.3305,2106.0,0.91506,ink,traced,2269.0,0.73924,ink,traced
132266,115784,196.3322,2107.0,0.91716,ink,traced,2282.0,0.71157,ink,traced
132267,115785,196.3338,2106.5,0.91611,ink,traced,2290.0,0.69454,ink,traced
132268,115786,196.3354,2106.5,0.91611,ink,traced,2303.0,0.66687,ink,traced
132269,115787,196.3371,2106.5,0.91611,ink,traced,2316.5,0.63814,ink,traced
132270,115788,196.3387,2106.0,0.91507,ink,traced,2332.0,0.60515,ink,traced
132271,115789,196.3404,2106.5,0.91611,ink,traced,2345.5,0.57642,ink,traced
132272,115790,196.342,2106.5,0.91611,ink,traced,2361.5,0.54237,ink,traced
132273,115791,196.3436,2106.5,0.91611,ink,traced,2372.0,0.52002,ink,traced
132274,115792,196.3453,2106.5,0.91611,ink,traced,2399.0,0.46326,ink,traced
132275,115793,196.3469,2106.5,0.91612,ink,traced,2417.5,0.42462,ink,traced
132276,115794,196.3485,2106.5,0.91612,ink,traced,2428.0,0.40269,ink,traced
132277,115795,196.3502,2106.5,0.91612,ink,traced,2444.0,0.36927,ink,traced
132278,115796,196.3518,2106.5,0.91612,ink,traced,2457.0,0.34212,ink,traced
132279,115797,196.3534,2106.5,0.91612,ink,traced,2459.0,0.33795,ink,traced
132280,115798,196.3551,2105.5,0.91402,ink,traced,2482.5,0.28886,ink,traced
132281,115799,196.3567,2106.5,0.91612,ink,traced,2497.0,0.25858,ink,traced
132282,115800,196.3583,2106.5,0.91612,ink,traced,2507.0,0.2377,ink,traced
132283,115801,196.36,2107.5,0.91821,ink,traced,2518.0,0.21472,ink,traced
132284,115802,196.3616,2106.0,0.91507,ink,traced,2528.0,0.19384,ink,traced
132285,115803,196.3632,2106.5,0.91612,ink,traced,2556.0,0.13536,ink,traced
132286,115804,196.3649,2106.5,0.91612,ink,traced,2579.0,0.08732,ink,traced
132287,115805,196.3665,2106.5,0.91612,ink,traced,2582.0,0.08105,ink,traced
132288,115806,196.3682,2106.5,0.91612,ink,traced,2583.5,0.07792,ink,traced
132289,115807,196.3698,2106.0,0.91507,ink,traced,2600.0,0.04346,ink,traced
132290,115808,196.3714,2106.5,0.91612,ink,traced,2609.5,0.02362,ink,traced
132291,115809,196.3731,2107.0,0.91717,ink,traced,2610.0,0.02257,ink,traced
132292,115810,196.3747,2106.5,0.91612,ink,traced,2611.0,0.02049,ink,traced
132293,115811,196.3763,2104.5,0.91192,ink,traced,2610.0,0.02257,ink,traced
132294,115812,196.378,2107.5,0.91822,ink,traced,2609.0,0.02466,ink,traced
132295,115813,196.3796,2106.5,0.91612,ink,traced,2609.5,0.02362,ink,traced
132296,115814,196.3812,2106.5,0.91612,ink,traced,2609.0,0.02466,ink,traced
132297,115815,196.3829,2106.5,0.91612,ink,traced,2609.0,0.02466,ink,traced
132298,115816,196.3845,2106.5,0.91612,ink,traced,2608.0,0.02675,ink,traced
132299,115817,196.3861,2106.5,0.91612,ink,traced,2610.5,0.02153,ink,traced
132300,115818,196.3878,2107.0,0.91717,ink,traced,2609.5,0.02362,ink,traced
132301,115819,196.3894,2107.0,0.91717,ink,traced,2609.0,0.02466,ink,traced
132302,115820,196.391,2107.0,0.91717,ink,traced,2609.0,0.02466,ink,traced
132303,115821,196.3927,2107.0,0.91717,ink,traced,2609.0,0.02466,ink,traced
132304,115822,196.3943,2106.5,0.91612,ink,traced,2609.0,0.02466,ink,traced
132305,115823,196.396,2106.0,0.91507,ink,traced,2609.0,0.02466,ink,traced
132306,115824,196.3976,2106.5,0.91612,ink,traced,2609.5,0.02362,ink,traced
132307,115825,196.3992,2107.0,0.91717,ink,traced,2609.0,0.02466,ink,traced
132308,115826,196.4009,2106.0,0.91507,ink,traced,2609.0,0.02466,ink,traced
132309,115827,196.4025,2106.0,0.91507,ink,traced,2608.5,0.02571,ink,traced
132310,115828,196.4041,2106.0,0.91507,ink,traced,2609.0,0.02466,ink,traced
132311,115829,196.4058,2106.0,0.91507,ink,traced,2609.5,0.02362,ink,traced
132312,115830,196.4074,2106.0,0.91507,ink,traced,2609.0,0.02466,ink,traced
132313,115831,196.409,2106.0,0.91507,ink,traced,2609.0,0.02466,ink,traced
132314,115832,196.4107,2106.0,0.91507,ink,traced,2608.5,0.0257,ink,traced
132315,115833,196.4123,2107.0,0.91717,ink,traced,2608.0,0.02675,ink,traced
132316,115834,196.4139,2106.5,0.91612,ink,traced,2608.0,0.02675,ink,traced
132317,115835,196.4156,2107.0,0.91717,ink,traced,2608.0,0.02675,ink,traced
132318,115836,196.4172,2107.5,0.91822,ink,traced,2608.0,0.02675,ink,traced
132319,115837,196.4188,2107.5,0.91822,ink,traced,2607.5,0.02779,ink,traced
132320,115838,196.4205,2106.5,0.91612,ink,traced,2607.0,0.02884,ink,traced
132321,115839,196.4221,2105.0,0.91297,ink,traced,2606.5,0.02988,ink,traced
132322,115840,196.4238,2101.0,0.90458,ink,traced,2605.0,0.03301,ink,traced
132323,115841,196.4254,2101.0,0.90458,ink,traced,2603.5,0.03615,ink,traced
132324,115842,196.427,2093.5,0.88884,ink,traced,2602.0,0.03928,ink,traced
132325,115843,196.4287,2092.0,0.88569,ink,traced,2599.5,0.0445,ink,traced
132326,115844,196.4303,2075.0,0.85002,ink,traced,2598.5,0.04659,ink,traced
132327,115845,196.4319,2074.0,0.84792,ink,traced,2597.0,0.04972,ink,traced
132328,115846,196.4336,2054.5,0.807,ink,traced,2596.0,0.05181,ink,traced
132329,115847,196.4352,2054.0,0.80595,ink,traced,2594.0,0.05599,ink,traced
132330,115848,196.4368,2034.5,0.76504,ink,traced,2593.0,0.05807,ink,traced
132331,115849,196.4385,2020.0,0.73461,ink,traced,2591.5,0.06121,ink,traced
132332,115850,196.4401,2015.0,0.72412,ink,traced,2590.5,0.0633,ink,traced
132333,115851,196.4417,1988.0,0.66746,gap,traced,2587.0,0.07061,ink,traced
132334,115852,196.4434,1988.0,0.66746,faint,traced,2586.0,0.07269,ink,traced
132335,115853,196.445,1988.0,0.66746,faint,traced,2585.5,0.07374,ink,traced
132336,115854,196.4466,1990.0,0.67166,faint,traced,2582.5,0.08,ink,traced
132337,115855,196.4483,1958.0,0.60451,gap,traced,2582.0,0.08105,ink,traced
132338,115856,196.4499,1924.0,0.53316,faint,traced,2579.0,0.08731,ink,traced
132339,115857,196.4516,1916.0,0.51637,faint,traced,2576.0,0.09358,ink,traced
132340,115858,196.4532,1914.0,0.51218,rule,traced,2572.5,0.10089,ink,traced
132341,115859,196.4548,1918.0,0.52057,faint,traced,2571.0,0.10402,ink,traced
132342,115860,196.4565,1848.0,0.3723,faint,traced,2568.5,0.10924,ink,traced
132343,115861,196.4581,1848.0,0.3723,ink,traced,2567.0,0.11237,ink,traced
132344,115862,196.4597,1823.5,0.32033,ink,traced,2565.0,0.11655,ink,traced
132345,115863,196.4614,1805.5,0.28215,ink,traced,2562.0,0.12282,ink,traced
132346,115864,196.463,1800.0,0.27048,ink,traced,2559.5,0.12804,ink,traced
132347,115865,196.4646,1795.5,0.26093,ink,traced,2556.0,0.13535,ink,traced
132348,115866,196.4663,1776.0,0.21957,ink,traced,2553.5,0.14057,ink,traced
132349,115867,196.4679,1760.5,0.18669,ink,traced,2550.0,0.14788,ink,traced
132350,115868,196.4695,1753.0,0.17078,ink,traced,2548.5,0.15101,ink,traced
132351,115869,196.4712,1751.0,0.16654,ink,traced,2546.5,0.15519,ink,traced
132352,115870,196.4728,1752.0,0.16866,faint,traced,2545.0,0.15832,ink,traced
132353,115871,196.4744,1724.0,0.10926,faint,traced,2541.5,0.16563,ink,traced
132354,115872,196.4761,1723.5,0.1082,ink,traced,2541.0,0.16668,ink,traced
132355,115873,196.4777,1721.5,0.10396,ink,traced,2535.0,0.17921,ink,traced
132356,115874,196.4794,1716.5,0.09335,ink,traced,2534.5,0.18025,ink,traced
132357,115875,196.481,1716.5,0.09335,ink,traced,2531.0,0.18756,ink,traced
132358,115876,196.4826,1714.5,0.08911,ink,traced,2529.0,0.19174,ink,traced
132359,115877,196.4843,1705.5,0.07002,ink,traced,2526.0,0.198,ink,traced
132360,115878,196.4859,1706.0,0.07108,ink,traced,2523.5,0.20322,ink,traced
132361,115879,196.4875,1703.0,0.06472,ink,traced,2521.5,0.2074,ink,traced
132362,115880,196.4892,1702.5,0.06365,ink,traced,2519.0,0.21262,ink,traced
132363,115881,196.4908,1698.5,0.05517,ink,traced,2512.5,0.2262,ink,traced
132364,115882,196.4924,1700.5,0.05941,ink,traced,2513.0,0.22515,ink,traced
132365,115883,196.4941,1699.5,0.05729,ink,traced,2511.0,0.22933,ink,traced
132366,115884,196.4957,1698.5,0.05517,ink,traced,2507.5,0.23664,ink,traced
132367,115885,196.4973,1698.5,0.05517,ink,traced,2501.5,0.24917,ink,traced
132368,115886,196.499,1698.5,0.05517,ink,traced,2500.5,0.25126,ink,traced
132369,115887,196.5006,1698.5,0.05517,ink,traced,2500.0,0.2523,ink,traced
132370,115888,196.5022,1697.5,0.05305,ink,traced,2495.0,0.26275,ink,traced
132371,115889,196.5039,1699.0,0.05623,ink,traced,2493.5,0.26588,ink,traced
132372,115890,196.5055,1699.0,0.05623,ink,traced,2491.0,0.2711,ink,traced
132373,115891,196.5071,1699.0,0.05623,ink,traced,2488.5,0.27632,ink,traced
132374,115892,196.5088,1699.0,0.05623,ink,traced,2484.0,0.28572,ink,traced
132375,115893,196.5104,1699.0,0.05623,ink,traced,2481.0,0.29198,ink,traced
132376,115894,196.5121,1698.5,0.05517,ink,traced,2477.0,0.30034,ink,traced
132377,115895,196.5137,1699.0,0.05623,ink,traced,2474.0,0.3066,ink,traced
132378,115896,196.5153,1698.5,0.05517,ink,traced,2473.5,0.30765,ink,traced
132379,115897,196.517,1698.5,0.05517,ink,traced,2471.0,0.31287,ink,traced
132380,115898,196.5186,1698.5,0.05517,ink,traced,2468.0,0.31914,ink,traced
132381,115899,196.5202,1699.0,0.05623,ink,traced,2466.0,0.32331,ink,traced
132382,115900,196.5219,1697.5,0.05305,ink,traced,2463.5,0.32853,ink,traced
132383,115901,196.5235,1699.0,0.05623,ink,traced,2460.0,0.33584,ink,traced
132384,115902,196.5251,1698.5,0.05517,ink,traced,2455.0,0.34629,ink,traced
132385,115903,196.5268,1698.0,0.05411,ink,traced,2453.0,0.35046,ink,traced
132386,115904,196.5284,1698.0,0.05411,ink,traced,2451.0,0.35464,ink,traced
132387,115905,196.53,1698.5,0.05517,ink,traced,2446.5,0.36404,ink,traced
132388,115906,196.5317,1698.5,0.05517,ink,traced,2444.0,0.36926,ink,traced
132389,115907,196.5333,1698.0,0.05411,ink,traced,2442.0,0.37344,ink,traced
132390,115908,196.5349,1698.0,0.05411,ink,traced,2439.0,0.3797,ink,traced
132391,115909,196.5366,1698.5,0.05517,ink,traced,2434.5,0.3891,ink,traced
132392,115910,196.5382,1698.5,0.05517,ink,traced,2431.5,0.39537,ink,traced
132393,115911,196.5399,1698.0,0.05411,ink,traced,2430.0,0.3985,ink,traced
132394,115912,196.5415,1698.0,0.05411,ink,traced,2425.5,0.4079,ink,traced
132395,115913,196.5431,1698.0,0.05411,ink,traced,2423.5,0.41207,ink,traced
132396,115914,196.5448,1697.5,0.05305,ink,traced,2423.0,0.41312,ink,traced
132397,115915,196.5464,1698.0,0.05411,ink,traced,2420.5,0.41834,ink,traced
132398,115916,196.548,1697.5,0.05305,ink,traced,2416.5,0.42669,ink,traced
132399,115917,196.5497,1697.5,0.05305,ink,traced,2410.0,0.44027,ink,traced
132400,115918,196.5513,1697.0,0.05199,ink,traced,2410.0,0.44027,ink,traced
132401,115919,196.5529,1697.5,0.05305,ink,traced,2406.0,0.44862,ink,traced
132402,115920,196.5546,1697.5,0.05305,ink,traced,2403.0,0.45489,ink,traced
132403,115921,196.5562,1697.5,0.05305,ink,traced,2399.0,0.46324,ink,traced
132404,115922,196.5578,1697.5,0.05305,ink,traced,2395.0,0.4716,ink,traced
132405,115923,196.5595,1697.5,0.05305,ink,traced,2392.0,0.47786,ink,traced
132406,115924,196.5611,1698.0,0.05411,ink,traced,2387.5,0.48726,ink,traced
132407,115925,196.5627,1697.5,0.05305,ink,traced,2383.5,0.49561,rule,traced
132408,115926,196.5644,1697.5,0.05305,ink,traced,2387.0,0.4883,rule,traced
132409,115927,196.566,1697.5,0.05305,ink,traced,2376.0,0.51149,rule,traced
132410,115928,196.5677,1696.5,0.05093,ink,traced,2378.5,0.50617,rule,traced
132411,115929,196.5693,1697.5,0.05305,ink,traced,2378.0,0.50723,rule,traced
132412,115930,196.5709,1697.0,0.05199,ink,traced,2370.5,0.5232,ink,traced
132413,115931,196.5726,1697.0,0.05199,ink,traced,2369.0,0.52639,ink,traced
132414,115932,196.5742,1697.0,0.05199,ink,traced,2364.0,0.53703,ink,traced
132415,115933,196.5758,1696.5,0.05093,ink,traced,2361.0,0.54341,ink,traced
132416,115934,196.5775,1696.5,0.05093,ink,traced,2357.0,0.55193,ink,traced
132417,115935,196.5791,1696.5,0.05093,ink,traced,2354.5,0.55725,ink,traced
132418,115936,196.5807,1696.5,0.05093,ink,traced,2350.5,0.56576,ink,traced
132419,115937,196.5824,1696.5,0.05093,ink,traced,2346.5,0.57427,ink,traced
132420,115938,196.584,1696.5,0.05093,ink,traced,2342.5,0.58279,ink,traced
132421,115939,196.5856,1697.0,0.052,ink,traced,2341.5,0.58491,ink,traced
132422,115940,196.5873,1696.5,0.05093,ink,traced,2336.0,0.59662,ink,traced
132423,115941,196.5889,1696.5,0.05094,ink,traced,2332.0,0.60513,ink,traced
132424,115942,196.5905,1696.5,0.05094,ink,traced,2328.5,0.61258,ink,traced
132425,115943,196.5922,1696.5,0.05094,ink,traced,2326.5,0.61684,ink,traced
132426,115944,196.5938,1696.5,0.05094,ink,traced,2322.5,0.62535,ink,traced
132427,115945,196.5955,1696.5,0.05094,ink,traced,2320.5,0.62961,ink,traced
132428,115946,196.5971,1696.5,0.05094,ink,traced,2315.0,0.64131,ink,traced
132429,115947,196.5987,1696.5,0.05094,ink,traced,2314.5,0.64238,ink,traced
132430,115948,196.6004,1697.0,0.052,ink,traced,2310.0,0.65195,ink,traced
132431,115949,196.602,1697.0,0.052,ink,traced,2309.0,0.65408,ink,traced
132432,115950,196.6036,1697.0,0.052,ink,traced,2304.0,0.66472,ink,traced
132433,115951,196.6053,1697.0,0.052,ink,traced,2302.5,0.66792,ink,traced
132434,115952,196.6069,1697.0,0.052,ink,traced,2298.0,0.67749,ink,traced
132435,115953,196.6085,1697.0,0.052,ink,traced,2296.0,0.68175,ink,traced
132436,115954,196.6102,1698.0,0.05412,ink,traced,2295.0,0.68388,ink,traced
132437,115955,196.6118,1698.0,0.05412,ink,traced,2293.0,0.68813,ink,traced
132438,115956,196.6134,1698.5,0.05518,ink,traced,2291.0,0.69239,ink,traced
132439,115957,196.6151,1699.0,0.05624,ink,traced,2291.0,0.69239,ink,traced
132440,115958,196.6167,1699.0,0.05624,ink,traced,2292.0,0.69026,ink,traced
132441,115959,196.6183,1699.5,0.0573,ink,traced,2292.5,0.6892,ink,traced
132442,115960,196.62,1700.0,0.05836,ink,traced,2290.0,0.69452,ink,traced
132443,115961,196.6216,1701.0,0.06048,ink,traced,2292.5,0.6892,ink,traced
132444,115962,196.6233,1700.5,0.05942,ink,traced,2291.5,0.69133,ink,traced
132445,115963,196.6249,1701.0,0.06048,ink,traced,2292.0,0.69026,ink,traced
132446,115964,196.6265,1701.5,0.06154,ink,traced,2291.0,0.69239,ink,traced
132447,115965,196.6282,1702.0,0.06261,ink,traced,2291.5,0.69132,ink,traced
132448,115966,196.6298,1702.0,0.06261,ink,traced,2291.5,0.69132,ink,traced
132449,115967,196.6314,1703.0,0.06473,ink,traced,2290.0,0.69452,ink,traced
132450,115968,196.6331,1703.0,0.06473,ink,traced,2292.0,0.69026,ink,traced
132451,115969,196.6347,1703.5,0.06579,ink,traced,2292.5,0.6892,ink,traced
132452,115970,196.6363,1704.0,0.06685,ink,traced,2292.5,0.6892,ink,traced
132453,115971,196.638,1704.5,0.06791,ink,traced,2294.0,0.686,ink,traced
132454,115972,196.6396,1704.5,0.06791,ink,traced,2293.0,0.68813,ink,traced
132455,115973,196.6412,1703.5,0.06579,ink,traced,2293.5,0.68707,ink,traced
132456,115974,196.6429,1704.5,0.06791,ink,traced,2293.5,0.68707,ink,traced
132457,115975,196.6445,1705.0,0.06897,ink,traced,2293.5,0.68707,ink,traced
132458,115976,196.6461,1705.5,0.07003,ink,traced,2294.0,0.686,ink,traced
132459,115977,196.6478,1706.0,0.07109,ink,traced,2293.5,0.68707,ink,traced
132460,115978,196.6494,1706.0,0.07109,ink,traced,2291.0,0.69239,ink,traced
132461,115979,196.6511,1707.0,0.07321,ink,traced,2293.5,0.68707,ink,traced
132462,115980,196.6527,1707.0,0.07321,ink,traced,2291.5,0.69132,ink,traced
132463,115981,196.6543,1707.5,0.07427,ink,traced,2294.0,0.686,ink,traced
132464,115982,196.656,1708.0,0.07534,ink,traced,2294.0,0.686,ink,traced
132465,115983,196.6576,1708.5,0.0764,ink,traced,2294.0,0.686,ink,traced
132466,115984,196.6592,1708.0,0.07534,ink,traced,2294.0,0.686,ink,traced
132467,115985,196.6609,1709.0,0.07746,ink,traced,2293.0,0.68813,ink,traced
132468,115986,196.6625,1709.0,0.07746,ink,traced,2294.5,0.68494,ink,traced
132469,115987,196.6641,1709.5,0.07852,ink,traced,2291.5,0.69132,ink,traced
132470,115988,196.6658,1709.5,0.07852,ink,traced,2294.5,0.68494,ink,traced
132471,115989,196.6674,1710.0,0.07958,ink,traced,2295.0,0.68387,ink,traced
132472,115990,196.669,1710.5,0.08064,ink,traced,2295.0,0.68387,ink,traced
132473,115991,196.6707,1711.0,0.0817,ink,traced,2295.0,0.68387,ink,traced
132474,115992,196.6723,1711.5,0.08276,ink,traced,2293.5,0.68706,ink,traced
132475,115993,196.6739,1711.0,0.0817,ink,traced,2295.0,0.68387,ink,traced
132476,115994,196.6756,1712.0,0.08382,ink,traced,2294.0,0.686,ink,traced
132477,115995,196.6772,1712.0,0.08382,ink,traced,2292.0,0.69026,ink,traced
132478,115996,196.6789,1712.0,0.08382,ink,traced,2293.5,0.68706,ink,traced
132479,115997,196.6805,1712.5,0.08488,ink,traced,2293.0,0.68813,ink,traced
132480,115998,196.6821,1713.0,0.08594,ink,traced,2295.0,0.68387,ink,traced
132481,115999,196.6838,1714.5,0.08913,ink,traced,2294.5,0.68494,ink,traced
132482,116000,196.6854,1715.0,0.09019,ink,traced,2295.0,0.68387,ink,traced
132483,116001,196.687,1715.0,0.09019,ink,traced,2295.0,0.68387,ink,traced
132484,116002,196.6887,1715.0,0.09019,ink,traced,2294.0,0.686,ink,traced
132485,116003,196.6903,1715.5,0.09125,ink,traced,2294.5,0.68494,ink,traced
132486,116004,196.6919,1715.5,0.09125,ink,traced,2293.5,0.68706,ink,traced
132487,116005,196.6936,1716.0,0.09231,ink,traced,2294.5,0.68493,ink,traced
132488,116006,196.6952,1717.0,0.09443,ink,traced,2294.5,0.68493,ink,traced
132489,116007,196.6968,1717.0,0.09443,ink,traced,2294.5,0.68493,ink,traced
132490,116008,196.6985,1717.5,0.09549,ink,traced,2291.5,0.69132,ink,traced
132491,116009,196.7001,1717.5,0.09549,ink,traced,2294.5,0.68493,ink,traced
132492,116010,196.7017,1718.0,0.09655,ink,traced,2294.5,0.68493,ink,traced
132493,116011,196.7034,1718.5,0.09761,ink,traced,2294.5,0.68493,ink,traced
132494,116012,196.705,1719.0,0.09867,ink,traced,2294.0,0.686,ink,traced
132495,116013,196.7067,1719.5,0.09973,ink,traced,2294.0,0.686,ink,traced
132496,116014,196.7083,1719.5,0.09973,ink,traced,2294.5,0.68493,ink,traced
132497,116015,196.7099,1720.0,0.1008,ink,traced,2294.0,0.686,ink,traced
132498,116016,196.7116,1720.5,0.10186,ink,traced,2294.0,0.686,ink,traced
132499,116017,196.7132,1721.0,0.10292,ink,traced,2294.0,0.686,ink,traced
132500,116018,196.7148,1721.5,0.10398,ink,traced,2294.5,0.68493,ink,traced
132501,116019,196.7165,1721.5,0.10398,ink,traced,2294.5,0.68493,ink,traced
132502,116020,196.7181,1722.5,0.1061,ink,traced,2294.0,0.686,ink,traced
132503,116021,196.7197,1722.5,0.1061,ink,traced,2293.0,0.68813,ink,traced
132504,116022,196.7214,1723.0,0.10716,ink,traced,2294.0,0.686,ink,traced
132505,116023,196.723,1723.5,0.10822,ink,traced,2294.5,0.68493,ink,traced
132506,116024,196.7246,1723.5,0.10822,ink,traced,2294.5,0.68493,ink,traced
132507,116025,196.7263,1724.0,0.10928,ink,traced,2294.5,0.68493,ink,traced
132508,116026,196.7279,1724.5,0.11034,ink,traced,2293.5,0.68706,ink,traced
132509,116027,196.7295,1725.5,0.11246,ink,traced,2294.5,0.68493,ink,traced
132510,116028,196.7312,1727.5,0.11671,ink,traced,2294.0,0.686,ink,traced
132511,116029,196.7328,1728.0,0.11777,ink,traced,2294.0,0.686,ink,traced
132512,116030,196.7344,1730.5,0.12307,ink,traced,2293.5,0.68706,ink,traced
132513,116031,196.7361,1735.0,0.13262,ink,traced,2294.0,0.686,ink,traced
132514,116032,196.7377,1738.0,0.13898,ink,traced,2294.5,0.68493,ink,traced
132515,116033,196.7394,1742.5,0.14853,ink,traced,2294.5,0.68493,ink,traced
132516,116034,196.741,1746.5,0.15701,ink,traced,2294.5,0.68493,ink,traced
132517,116035,196.7426,1748.0,0.16019,ink,traced,2292.0,0.69025,ink,traced
132518,116036,196.7443,1751.5,0.16762,ink,traced,2294.0,0.68599,ink,traced
132519,116037,196.7459,1753.0,0.1708,ink,traced,2292.5,0.68919,ink,traced
132520,116038,196.7475,1757.0,0.17929,ink,traced,2293.5,0.68706,ink,traced
132521,116039,196.7492,1759.5,0.18459,ink,traced,2293.5,0.68706,ink,traced
132522,116040,196.7508,1763.0,0.19201,ink,traced,2294.0,0.68599,ink,traced
132523,116041,196.7524,1766.0,0.19838,ink,traced,2293.5,0.68706,ink,traced
132524,116042,196.7541,1772.0,0.21111,ink,traced,2293.5,0.68706,ink,traced
132525,116043,196.7557,1772.5,0.21217,ink,traced,2294.0,0.68599,ink,traced
132526,116044,196.7573,1776.0,0.21959,ink,traced,2294.0,0.68599,ink,traced
132527,116045,196.759,1779.0,0.22596,ink,traced,2294.0,0.68599,ink,traced
132528,116046,196.7606,1781.0,0.2302,ink,traced,2294.0,0.68599,ink,traced
132529,116047,196.7622,1784.5,0.23762,ink,traced,2294.5,0.68493,ink,traced
132530,116048,196.7639,1787.0,0.24293,ink,traced,2294.0,0.68599,ink,traced
132531,116049,196.7655,1790.0,0.24929,ink,traced,2294.5,0.68493,ink,traced
132532,116050,196.7672,1794.5,0.25884,ink,traced,2294.5,0.68493,ink,traced
132533,116051,196.7688,1797.5,0.2652,ink,traced,2294.5,0.68493,ink,traced
132534,116052,196.7704,1799.5,0.26944,ink,traced,2294.5,0.68493,ink,traced
132535,116053,196.7721,1802.0,0.27475,ink,traced,2294.0,0.68599,ink,traced
132536,116054,196.7737,1804.0,0.27899,ink,traced,2294.0,0.68599,ink,traced
132537,116055,196.7753,1807.0,0.28535,ink,traced,2295.0,0.68386,ink,traced
132538,116056,196.777,1810.5,0.29278,ink,traced,2294.0,0.68599,ink,traced
132539,116057,196.7786,1813.5,0.29914,ink,traced,2294.0,0.68599,ink,traced
132540,116058,196.7802,1817.0,0.30657,ink,traced,2294.0,0.68599,ink,traced
132541,116059,196.7819,1819.5,0.31187,ink,traced,2294.5,0.68493,ink,traced
132542,116060,196.7835,1822.5,0.31824,ink,traced,2293.5,0.68706,ink,traced
132543,116061,196.7851,1828.5,0.33096,ink,traced,2294.0,0.68599,ink,traced
132544,116062,196.7868,1829.5,0.33308,ink,traced,2294.5,0.68493,ink,traced
132545,116063,196.7884,1832.5,0.33945,ink,traced,2293.5,0.68706,ink,traced
132546,116064,196.79,1835.0,0.34475,ink,traced,2294.0,0.68599,ink,traced
132547,116065,196.7917,1839.5,0.3543,ink,traced,2294.0,0.68599,ink,traced
132548,116066,196.7933,1842.0,0.3596,ink,traced,2294.0,0.68599,ink,traced
132549,116067,196.795,1845.5,0.36703,ink,traced,2294.0,0.68599,ink,traced
132550,116068,196.7966,1847.5,0.37127,ink,traced,2294.5,0.68493,ink,traced
132551,116069,196.7982,1848.0,0.37233,ink,traced,2291.5,0.69131,ink,traced
132552,116070,196.7999,1855.0,0.38718,ink,traced,2293.5,0.68705,ink,traced
132553,116071,196.8015,1856.0,0.3893,ink,traced,2293.5,0.68705,ink,traced
132554,116072,196.8031,1860.0,0.39779,ink,traced,2294.0,0.68599,ink,traced
132555,116073,196.8048,1865.5,0.40945,ink,traced,2294.0,0.68599,ink,traced
132556,116074,196.8064,1867.5,0.4137,ink,traced,2294.0,0.68599,ink,traced
132557,116075,196.808,1872.0,0.42324,ink,traced,2294.5,0.68493,ink,traced
132558,116076,196.8097,1876.5,0.43279,ink,traced,2293.5,0.68705,ink,traced
132559,116077,196.8113,1877.5,0.43491,ink,traced,2293.5,0.68705,ink,traced
132560,116078,196.8129,1882.5,0.44552,ink,traced,2293.5,0.68705,ink,traced
132561,116079,196.8146,1882.0,0.44446,ink,traced,2294.0,0.68599,ink,traced
132562,116080,196.8162,1890.0,0.46143,ink,traced,2294.0,0.68599,ink,traced
132563,116081,196.8178,1892.0,0.46567,ink,traced,2293.5,0.68705,ink,traced
132564,116082,196.8195,1896.5,0.47521,ink,traced,2294.0,0.68599,ink,traced
132565,116083,196.8211,1897.5,0.47734,ink,traced,2290.5,0.69344,ink,traced
132566,116084,196.8228,1906.0,0.49537,rule,traced,2294.0,0.68599,ink,traced
132567,116085,196.8244,1906.0,0.49537,rule,traced,2294.5,0.68492,ink,traced
132568,116086,196.826,1902.0,0.48688,faint,traced,2294.0,0.68599,ink,traced
132569,116087,196.8277,1915.0,0.5143,faint,traced,2294.0,0.68599,ink,traced
132570,116088,196.8293,1916.0,0.5164,ink,traced,2294.0,0.68599,ink,traced
132571,116089,196.8309,1918.0,0.5206,ink,traced,2293.5,0.68705,ink,traced
132572,116090,196.8326,1922.5,0.53004,ink,traced,2294.0,0.68599,ink,traced
132573,116091,196.8342,1926.0,0.53739,ink,traced,2293.5,0.68705,ink,traced
132574,116092,196.8358,1931.0,0.54788,ink,traced,2293.5,0.68705,ink,traced
132575,116093,196.8375,1931.0,0.54788,ink,traced,2293.5,0.68705,ink,traced
132576,116094,196.8391,1937.0,0.56047,ink,traced,2293.5,0.68705,ink,traced
132577,116095,196.8407,1940.0,0.56677,ink,traced,2295.0,0.68386,ink,traced
132578,116096,196.8424,1941.5,0.56991,ink,traced,2294.5,0.68492,ink,traced
132579,116097,196.844,1945.0,0.57726,ink,traced,2294.5,0.68492,ink,traced
132580,116098,196.8456,1952.0,0.59195,ink,traced,2295.0,0.68386,ink,traced
132581,116099,196.8473,1955.0,0.59824,ink,traced,2294.0,0.68599,ink,traced
132582,116100,196.8489,1960.0,0.60873,ink,traced,2294.5,0.68492,ink,traced
132583,116101,196.8506,1960.0,0.60873,ink,traced,2294.5,0.68492,ink,traced
132584,116102,196.8522,1968.5,0.62657,ink,traced,2294.0,0.68599,ink,traced
132585,116103,196.8538,1970.0,0.62972,ink,traced,2294.0,0.68599,ink,traced
132586,116104,196.8555,1975.0,0.64021,ink,traced,2294.0,0.68599,ink,traced
132587,116105,196.8571,1980.5,0.65175,ink,traced,2294.0,0.68599,ink,traced
132588,116106,196.8587,1982.0,0.6549,ink,traced,2293.5,0.68705,ink,traced
132589,116107,196.8604,1984.0,0.6591,ink,traced,2293.5,0.68705,ink,traced
132590,116108,196.862,1991.0,0.67379,ink,traced,2293.5,0.68705,ink,traced
132591,116109,196.8636,1993.5,0.67903,ink,traced,2293.5,0.68705,ink,traced
132592,116110,196.8653,1996.0,0.68428,ink,traced,2290.5,0.69343,ink,traced
132593,116111,196.8669,2002.5,0.69792,ink,traced,2294.0,0.68598,ink,traced
132594,116112,196.8685,2003.5,0.70002,ink,traced,2294.0,0.68598,ink,traced
132595,116113,196.8702,2011.0,0.71576,ink,traced,2294.5,0.68492,ink,traced
132596,116114,196.8718,2012.5,0.7189,ink,traced,2294.5,0.68492,ink,traced
132597,116115,196.8734,2015.0,0.72415,ink,traced,2294.5,0.68492,ink,traced
132598,116116,196.8751,2022.0,0.73884,ink,traced,2294.5,0.68492,ink,traced
132599,116117,196.8767,2022.0,0.73884,ink,traced,2291.0,0.69237,ink,traced
132600,116118,196.8784,2025.0,0.74514,ink,traced,2293.5,0.68705,ink,traced
132601,116119,196.88,2027.0,0.74933,ink,traced,2294.0,0.68598,ink,traced
132602,116120,196.8816,2027.0,0.74933,ink,traced,2293.5,0.68705,ink,traced
132603,116121,196.8833,2028.0,0.75143,ink,traced,2294.0,0.68598,ink,traced
132604,116122,196.8849,2026.0,0.74723,ink,traced,2294.5,0.68492,ink,traced
132605,116123,196.8865,2024.5,0.74409,ink,traced,2294.0,0.68598,ink,traced
132606,116124,196.8882,2021.5,0.73779,ink,traced,2294.0,0.68598,ink,traced
132607,116125,196.8898,2018.0,0.73045,ink,traced,2294.5,0.68492,ink,traced
132608,116126,196.8914,2012.5,0.71891,ink,traced,2294.5,0.68492,ink,traced
132609,116127,196.8931,2010.5,0.71471,ink,traced,2294.5,0.68492,ink,traced
132610,116128,196.8947,2007.5,0.70841,ink,traced,2294.0,0.68598,ink,traced
132611,116129,196.8963,1997.5,0.68743,ink,traced,2294.0,0.68598,ink,traced
132612,116130,196.898,1996.5,0.68533,ink,traced,2294.0,0.68598,ink,traced
132613,116131,196.8996,1991.5,0.67484,ink,traced,2294.5,0.68492,ink,traced
132614,116132,196.9012,1985.0,0.6612,ink,traced,2294.0,0.68598,ink,traced
132615,116133,196.9029,1973.0,0.63602,ink,traced,2294.0,0.68598,ink,traced
132616,116134,196.9045,1965.0,0.61923,ink,traced,2294.0,0.68598,ink,traced
132617,116135,196.9062,1963.0,0.61503,ink,traced,2294.5,0.68492,ink,traced
132618,116136,196.9078,1944.5,0.57621,ink,traced,2293.5,0.68705,ink,traced
132619,116137,196.9094,1941.5,0.56992,ink,traced,2293.5,0.68705,ink,traced
132620,116138,196.9111,1934.5,0.55523,ink,traced,2293.5,0.68705,ink,traced
132621,116139,196.9127,1929.5,0.54474,ink,traced,2293.5,0.68705,ink,traced
132622,116140,196.9143,1920.5,0.52585,ink,traced,2293.5,0.68705,ink,traced
132623,116141,196.916,1919.0,0.5227,ink,traced,2293.5,0.68704,ink,traced
132624,116142,196.9176,1899.0,0.48053,ink,traced,2294.0,0.68598,ink,traced
132625,116143,196.9192,1896.0,0.47416,ink,traced,2293.5,0.68704,ink,traced
132626,116144,196.9209,1885.0,0.45083,ink,traced,2294.0,0.68598,ink,traced
132627,116145,196.9225,1882.5,0.44552,ink,traced,2294.0,0.68598,ink,traced
132628,116146,196.9241,1872.0,0.42325,ink,traced,2295.0,0.68385,ink,traced
132629,116147,196.9258,1862.0,0.40204,ink,traced,2294.5,0.68492,ink,traced
132630,116148,196.9274,1856.0,0.38931,ink,traced,2294.0,0.68598,ink,traced
132631,116149,196.929,1841.5,0.35855,ink,traced,2294.0,0.68598,ink,traced
132632,116150,196.9307,1834.0,0.34264,ink,traced,2293.5,0.68704,ink,traced
132633,116151,196.9323,1836.0,0.34688,ink,traced,2293.5,0.68704,ink,traced
132634,116152,196.934,1822.0,0.31719,ink,traced,2292.5,0.68917,ink,traced
132635,116153,196.9356,1808.0,0.28749,ink,traced,2293.5,0.68704,ink,traced
132636,116154,196.9372,1806.5,0.28431,ink,traced,2291.0,0.69236,ink,traced
132637,116155,196.9389,1802.0,0.27476,ink,traced,2291.5,0.6913,ink,traced
132638,116156,196.9405,1798.0,0.26628,ink,traced,2294.5,0.68491,ink,traced
132639,116157,196.9421,1788.0,0.24506,ink,traced,2293.5,0.68704,ink,traced
132640,116158,196.9438,1787.0,0.24294,ink,traced,2294.5,0.68491,ink,traced
132641,116159,196.9454,1773.5,0.2143,ink,traced,2294.0,0.68598,ink,traced
132642,116160,196.947,1769.5,0.20582,ink,traced,2292.0,0.69023,ink,traced
132643,116161,196.9487,1770.0,0.20688,ink,traced,2294.5,0.68491,ink,traced
132644,116162,196.9503,1758.5,0.18249,ink,traced,2294.0,0.68598,ink,traced
132645,116163,196.9519,1756.5,0.17824,ink,traced,2294.0,0.68598,ink,traced
132646,116164,196.9536,1755.5,0.17612,ink,traced,2294.0,0.68598,ink,traced
132647,116165,196.9552,1753.0,0.17082,ink,traced,2294.5,0.68491,ink,traced
132648,116166,196.9568,1752.0,0.1687,ink,traced,2290.5,0.69343,ink,traced
132649,116167,196.9585,1750.0,0.16445,ink,traced,2294.0,0.68598,ink,traced
132650,116168,196.9601,1750.0,0.16445,ink,traced,2294.5,0.68491,ink,traced
132651,116169,196.9617,1727.0,0.11567,faint,traced,2294.0,0.68598,ink,traced
132652,116170,196.9634,1729.0,0.11991,hole,traced,2294.0,0.68598,ink,traced
132653,116171,196.965,1729.0,0.11991,hole,traced,2294.0,0.68598,ink,traced
132654,116172,196.9667,1729.0,0.11991,hole,traced,2293.5,0.68704,ink,traced
132655,116173,196.9683,1729.0,0.11991,hole,traced,2293.5,0.68704,ink,traced
132656,116174,196.9699,1728.0,0.11779,hole,traced,2294.0,0.68598,ink,traced
132657,116175,196.9716,1727.0,0.11567,faint,traced,2294.0,0.68598,ink,traced
132658,116176,196.9732,1727.0,0.11567,faint,traced,2294.0,0.68598,ink,traced
132659,116177,196.9748,1727.0,0.11567,ink,traced,2293.5,0.68704,ink,traced
132660,116178,196.9765,1726.0,0.11354,ink,traced,2294.0,0.68598,ink,traced
132661,116179,196.9781,1726.0,0.11355,ink,traced,2294.0,0.68598,ink,traced
132662,116180,196.9797,1726.0,0.11355,ink,traced,2294.0,0.68598,ink,traced
132663,116181,196.9814,1726.0,0.11355,ink,traced,2294.0,0.68598,ink,traced
132664,116182,196.983,1726.5,0.11461,ink,traced,2294.0,0.68598,ink,traced
132665,116183,196.9846,1726.5,0.11461,ink,traced,2294.5,0.68491,ink,traced
132666,116184,196.9863,1725.5,0.11249,ink,traced,2293.5,0.68704,ink,traced
132667,116185,196.9879,1725.0,0.11142,ink,traced,2293.5,0.68704,ink,traced
132668,116186,196.9895,1723.0,0.10718,ink,traced,2293.5,0.68704,ink,traced
132669,116187,196.9912,1721.5,0.104,ink,traced,2294.0,0.68597,ink,traced
132670,116188,196.9928,1723.0,0.10718,ink,traced,2294.5,0.68491,ink,traced
132671,116189,196.9945,1723.0,0.10718,ink,traced,2293.0,0.6881,ink,traced
132672,116190,196.9961,1722.5,0.10612,ink,traced,2293.5,0.68704,ink,traced
132673,116191,196.9977,1721.5,0.104,ink,traced,2293.5,0.68704,ink,traced
132674,116192,196.9994,1721.0,0.10294,ink,traced,2294.0,0.68597,ink,traced
132675,116193,197.001,1721.0,0.10294,ink,traced,2294.5,0.68491,ink,traced
132676,116194,197.0026,1720.5,0.10188,ink,traced,2290.5,0.69342,ink,traced
132677,116195,197.0043,1720.0,0.10082,ink,traced,2294.5,0.68491,ink,traced
132678,116196,197.0059,1720.0,0.10082,ink,traced,2294.0,0.68597,ink,traced
132679,116197,197.0075,1719.5,0.09976,ink,traced,2294.5,0.68491,ink,traced
132680,116198,197.0092,1719.0,0.0987,ink,traced,2294.0,0.68597,ink,traced
132681,116199,197.0108,1719.0,0.0987,ink,traced,2293.5,0.68704,ink,traced
132682,116200,197.0124,1719.0,0.0987,ink,traced,2293.5,0.68704,ink,traced
132683,116201,197.0141,1719.0,0.0987,ink,traced,2293.5,0.68704,ink,traced
132684,116202,197.0157,1719.0,0.0987,ink,traced,2293.5,0.68704,ink,traced
132685,116203,197.0173,1719.0,0.0987,ink,traced,2293.5,0.68704,ink,traced
132686,116204,197.019,1719.0,0.0987,ink,traced,2294.0,0.68597,ink,traced
132687,116205,197.0206,1719.0,0.0987,ink,traced,2291.5,0.69129,ink,traced
132688,116206,197.0223,1719.5,0.09976,ink,traced,2294.5,0.68491,ink,traced
132689,116207,197.0239,1720.0,0.10082,ink,traced,2293.5,0.68704,ink,traced
132690,116208,197.0255,1720.0,0.10082,ink,traced,2294.0,0.68597,ink,traced
132691,116209,197.0272,1720.0,0.10082,ink,traced,2294.0,0.68597,ink,traced
132692,116210,197.0288,1720.0,0.10082,ink,traced,2294.0,0.68597,ink,traced
132693,116211,197.0304,1720.0,0.10082,ink,traced,2291.5,0.69129,ink,traced
132694,116212,197.0321,1720.0,0.10082,ink,traced,2293.5,0.68704,ink,traced
132695,116213,197.0337,1720.0,0.10082,ink,traced,2291.0,0.69236,ink,traced
132696,116214,197.0353,1720.0,0.10082,ink,traced,2290.0,0.69448,ink,traced
132697,116215,197.037,1720.0,0.10082,ink,traced,2294.5,0.68491,ink,traced
132698,116216,197.0386,1720.0,0.10082,ink,traced,2294.0,0.68597,ink,traced
132699,116217,197.0402,1720.0,0.10082,ink,traced,2293.5,0.68703,ink,traced
132700,116218,197.0419,1720.0,0.10082,ink,traced,2293.5,0.68703,ink,traced
132701,116219,197.0435,1720.0,0.10082,ink,traced,2293.0,0.6881,ink,traced
132702,116220,197.0451,1720.0,0.10082,ink,traced,2294.5,0.68491,ink,traced
132703,116221,197.0468,1720.0,0.10082,ink,traced,2294.0,0.68597,ink,traced
132704,116222,197.0484,1720.0,0.10082,ink,traced,2294.5,0.68491,ink,traced
132705,116223,197.0501,1720.5,0.10188,ink,traced,2294.0,0.68597,ink,traced
132706,116224,197.0517,1721.0,0.10294,ink,traced,2294.0,0.68597,ink,traced
132707,116225,197.0533,1721.0,0.10294,ink,traced,2294.0,0.68597,ink,traced
132708,116226,197.055,1721.0,0.10294,ink,traced,2294.0,0.68597,ink,traced
132709,116227,197.0566,1721.0,0.10294,ink,traced,2294.0,0.68597,ink,traced
132710,116228,197.0582,1721.0,0.10295,ink,traced,2294.0,0.68597,ink,traced
132711,116229,197.0599,1721.0,0.10295,ink,traced,2294.0,0.68597,ink,traced
132712,116230,197.0615,1721.0,0.10295,ink,traced,2294.5,0.6849,ink,traced
132713,116231,197.0631,1721.0,0.10295,ink,traced,2294.0,0.68597,ink,traced
132714,116232,197.0648,1721.5,0.10401,ink,traced,2293.5,0.68703,ink,traced
132715,116233,197.0664,1721.5,0.10401,ink,traced,2293.5,0.68703,ink,traced
132716,116234,197.068,1721.5,0.10401,ink,traced,2294.5,0.6849,ink,traced
132717,116235,197.0697,1721.5,0.10401,ink,traced,2293.5,0.68703,ink,traced
132718,116236,197.0713,1721.5,0.10401,ink,traced,2294.0,0.68597,ink,traced
132719,116237,197.0729,1722.5,0.10613,ink,traced,2293.0,0.6881,ink,traced
132720,116238,197.0746,1723.5,0.10825,ink,traced,2293.0,0.6881,ink,traced
132721,116239,197.0762,1726.5,0.11461,ink,traced,2293.0,0.6881,ink,traced
132722,116240,197.0779,1727.5,0.11674,ink,traced,2294.0,0.68597,ink,traced
132723,116241,197.0795,1730.5,0.1231,ink,traced,2294.0,0.68597,ink,traced
132724,116242,197.0811,1737.0,0.13689,ink,traced,2294.0,0.68597,ink,traced
132725,116243,197.0828,1737.5,0.13795,ink,traced,2293.5,0.68703,ink,traced
132726,116244,197.0844,1740.5,0.14431,ink,traced,2294.0,0.68597,ink,traced
132727,116245,197.086,1743.5,0.15068,ink,traced,2294.0,0.68597,ink,traced
132728,116246,197.0877,1746.0,0.15598,ink,traced,2294.0,0.68597,ink,traced
132729,116247,197.0893,1748.5,0.16128,ink,traced,2294.0,0.68597,ink,traced
132730,116248,197.0909,1751.5,0.16765,ink,traced,2294.0,0.68597,ink,traced
132731,116249,197.0926,1754.0,0.17295,ink,traced,2294.0,0.68597,ink,traced
132732,116250,197.0942,1757.0,0.17931,ink,traced,2294.0,0.68597,ink,traced
132733,116251,197.0958,1760.5,0.18674,ink,traced,2294.0,0.68597,ink,traced
132734,116252,197.0975,1762.5,0.19098,ink,traced,2294.0,0.68597,ink,traced
132735,116253,197.0991,1765.5,0.19735,ink,traced,2294.0,0.68597,ink,traced
132736,116254,197.1007,1769.5,0.20583,ink,traced,2294.0,0.68597,ink,traced
132737,116255,197.1024,1771.5,0.21007,ink,traced,2294.0,0.68597,ink,traced
132738,116256,197.104,1773.5,0.21432,ink,traced,2294.5,0.6849,ink,traced
132739,116257,197.1057,1779.0,0.22598,ink,traced,2294.0,0.68597,ink,traced
132740,116258,197.1073,1787.5,0.24402,ink,traced,2293.0,0.68809,ink,traced
132741,116259,197.1089,1785.5,0.23977,ink,traced,2292.5,0.68916,ink,traced
132742,116260,197.1106,1787.0,0.24296,ink,traced,2291.0,0.69235,ink,traced
132743,116261,197.1122,1788.0,0.24508,ink,traced,2279.0,0.71789,ink,traced
132744,116262,197.1138,1794.5,0.25887,ink,traced,2276.0,0.72427,ink,traced
132745,116263,197.1155,1798.5,0.26735,ink,traced,2275.0,0.7264,ink,traced
132746,116264,197.1171,1803.0,0.2769,ink,traced,2277.5,0.72108,ink,traced
132747,116265,197.1187,1805.0,0.28114,ink,traced,2268.0,0.7413,ink,traced
132748,116266,197.1204,1807.0,0.28538,ink,traced,2264.0,0.74981,ink,traced
132749,116267,197.122,1812.0,0.29599,ink,traced,2258.0,0.76258,ink,traced
132750,116268,197.1236,1814.5,0.30129,ink,traced,2258.0,0.76258,ink,traced
132751,116269,197.1253,1818.0,0.30872,ink,traced,2255.0,0.76897,ink,traced
132752,116270,197.1269,1820.5,0.31402,ink,traced,2246.5,0.78706,ink,traced
132753,116271,197.1285,1823.0,0.31933,ink,traced,2246.0,0.78812,ink,traced
132754,116272,197.1302,1830.5,0.33524,ink,traced,2242.5,0.79557,ink,traced
132755,116273,197.1318,1831.0,0.3363,ink,traced,2240.0,0.80089,ink,traced
132756,116274,197.1335,1835.0,0.34478,ink,traced,2238.0,0.80514,ink,traced
132757,116275,197.1351,1835.5,0.34584,ink,traced,2235.5,0.81046,ink,traced
132758,116276,197.1367,1842.5,0.36069,ink,traced,2234.0,0.81365,ink,traced
132759,116277,197.1384,1844.5,0.36494,ink,traced,2228.5,0.82536,ink,traced
132760,116278,197.14,1845.0,0.366,ink,traced,2222.5,0.83813,ink,traced
132761,116279,197.1416,1853.5,0.38403,ink,traced,2218.0,0.8477,ink,traced
132762,116280,197.1433,1854.0,0.38509,ink,traced,2218.5,0.84664,ink,traced
132763,116281,197.1449,1858.5,0.39464,ink,traced,2215.5,0.85302,ink,traced
132764,116282,197.1465,1863.0,0.40419,ink,traced,2211.0,0.8626,ink,traced
132765,116283,197.1482,1866.0,0.41055,ink,traced,2210.0,0.86473,ink,traced
132766,116284,197.1498,1870.0,0.41904,ink,traced,2205.0,0.87537,ink,traced
132767,116285,197.1514,1873.0,0.4254,ink,traced,2200.0,0.88601,ink,traced
132768,116286,197.1531,1878.0,0.43601,ink,traced,2199.5,0.88707,ink,traced
132769,116287,197.1547,1881.0,0.44237,ink,traced,2194.0,0.89878,ink,traced
132770,116288,197.1563,1882.0,0.44449,ink,traced,2190.0,0.90729,ink,traced
132771,116289,197.158,1887.0,0.4551,ink,traced,2190.5,0.90622,ink,traced
132772,116290,197.1596,1890.0,0.46147,ink,traced,2187.0,0.91367,ink,traced
132773,116291,197.1613,1894.0,0.46995,faint,traced,2183.5,0.92112,ink,traced
132774,116292,197.1629,1900.0,0.48268,faint,traced,2183.0,0.92218,ink,traced
132775,116293,197.1645,1900.0,0.48268,ink,traced,2180.0,0.92857,ink,traced
132776,116294,197.1662,1902.0,0.48692,ink,traced,2175.0,0.93921,ink,traced
132777,116295,197.1678,1908.0,0.49965,rule,traced,2174.5,0.94027,ink,traced
132778,116296,197.1694,1914.0,0.51225,rule,traced,2170.5,0.94879,ink,traced
132779,116297,197.1711,1915.0,0.51435,ink,traced,2170.0,0.94985,ink,traced
132780,116298,197.1727,1917.0,0.51855,faint,traced,2167.5,0.95517,ink,traced
132781,116299,197.1743,1921.0,0.52694,ink,traced,2169.0,0.95198,ink,traced
132782,116300,197.176,1924.0,0.53324,ink,traced,2167.0,0.95623,ink,traced
132783,116301,197.1776,1926.0,0.53743,ink,traced,2166.0,0.95836,ink,traced
132784,116302,197.1792,1930.0,0.54583,ink,traced,2167.0,0.95623,ink,traced
132785,116303,197.1809,1934.0,0.55422,ink,traced,2166.0,0.95836,ink,traced
132786,116304,197.1825,1939.0,0.56472,ink,traced,2168.5,0.95304,ink,traced
132787,116305,197.1841,1940.5,0.56786,ink,traced,2165.5,0.95942,ink,traced
132788,116306,197.1858,1943.5,0.57416,ink,traced,2169.5,0.95091,ink,traced
132789,116307,197.1874,1949.0,0.5857,ink,traced,2167.5,0.95516,ink,traced
132790,116308,197.189,1953.0,0.5941,ink,traced,2166.5,0.95729,ink,traced
132791,116309,197.1907,1956.0,0.60039,ink,traced,2167.0,0.95622,ink,traced
132792,116310,197.1923,1957.0,0.60249,ink,traced,2166.5,0.95729,ink,traced
132793,116311,197.194,1962.0,0.61298,ink,traced,2166.0,0.95835,ink,traced
132794,116312,197.1956,1963.0,0.61508,faint,traced,2167.0,0.95622,ink,traced
132795,116313,197.1972,1966.0,0.62138,ink,traced,2167.5,0.95516,ink,traced
132796,116314,197.1989,1968.0,0.62558,ink,traced,2168.0,0.95409,ink,traced
132797,116315,197.2005,1973.0,0.63607,ink,traced,2168.0,0.95409,ink,traced
132798,116316,197.2021,1976.0,0.64237,ink,traced,2167.5,0.95516,ink,traced
132799,116317,197.2038,1981.0,0.65286,ink,traced,2168.0,0.95409,ink,traced
132800,116318,197.2054,1986.0,0.66335,ink,traced,2168.0,0.95409,ink,traced
132801,116319,197.207,1989.0,0.66965,ink,traced,2167.5,0.95515,ink,traced
132802,116320,197.2087,1991.0,0.67384,ink,traced,2168.0,0.95409,ink,traced
132803,116321,197.2103,1996.0,0.68434,ink,traced,2168.5,0.95302,ink,traced
132804,116322,197.2119,1996.0,0.68434,ink,traced,2168.0,0.95409,ink,traced
132805,116323,197.2136,2000.0,0.69273,ink,traced,2168.5,0.95302,ink,traced
132806,116324,197.2152,2004.5,0.70218,ink,traced,2169.0,0.95196,ink,traced
132807,116325,197.2168,2005.0,0.70323,ink,traced,2168.5,0.95302,ink,traced
132808,116326,197.2185,2012.0,0.71792,ink,traced,2170.5,0.94876,ink,traced
132809,116327,197.2201,2012.0,0.71792,ink,traced,2168.5,0.95302,ink,traced
132810,116328,197.2218,2015.0,0.72421,ink,traced,2168.5,0.95302,ink,traced
132811,116329,197.2234,2019.0,0.73261,ink,traced,2168.0,0.95408,ink,traced
132812,116330,197.225,2021.0,0.73681,ink,traced,2168.5,0.95302,ink,traced
132813,116331,197.2267,2023.0,0.741,ink,traced,2169.0,0.95195,ink,traced
132814,116332,197.2283,2028.0,0.7515,ink,traced,2169.0,0.95195,ink,traced
132815,116333,197.2299,2029.0,0.75359,ink,traced,2168.5,0.95302,ink,traced
132816,116334,197.2316,2031.0,0.75779,faint,traced,2168.5,0.95301,ink,traced
132817,116335,197.2332,2035.0,0.76619,ink,traced,2169.0,0.95195,ink,traced
132818,116336,197.2348,2040.0,0.77668,ink,traced,2168.5,0.95301,ink,traced
132819,116337,197.2365,2041.0,0.77878,ink,traced,2171.0,0.94769,ink,traced
132820,116338,197.2381,2043.0,0.78298,ink,traced,2168.5,0.95301,ink,traced
132821,116339,197.2397,2045.0,0.78717,ink,traced,2169.0,0.95195,ink,traced
132822,116340,197.2414,2050.5,0.79872,ink,traced,2168.0,0.95407,ink,traced
132823,116341,197.243,2051.5,0.80082,ink,traced,2168.0,0.95407,ink,traced
132824,116342,197.2446,2056.0,0.81026,ink,traced,2169.0,0.95194,ink,traced
132825,116343,197.2463,2054.5,0.80711,ink,traced,2169.0,0.95194,ink,traced
132826,116344,197.2479,2060.0,0.81865,ink,traced,2169.0,0.95194,ink,traced
132827,116345,197.2496,2064.0,0.82705,ink,traced,2168.5,0.95301,ink,traced
132828,116346,197.2512,2063.5,0.826,ink,traced,2169.0,0.95194,ink,traced
132829,116347,197.2528,2065.5,0.8302,ink,traced,2169.0,0.95194,ink,traced
132830,116348,197.2545,2068.0,0.83544,faint,traced,2169.0,0.95194,ink,traced
132831,116349,197.2561,2072.0,0.84384,ink,traced,2169.0,0.95194,ink,traced
132832,116350,197.2577,2073.0,0.84594,ink,traced,2169.0,0.95194,ink,traced
132833,116351,197.2594,2075.0,0.85014,ink,traced,2171.5,0.94662,ink,traced
132834,116352,197.261,2076.0,0.85223,ink,traced,2172.0,0.94555,ink,traced
132835,116353,197.2626,2079.0,0.85853,ink,traced,2170.0,0.94981,ink,traced
132836,116354,197.2643,2079.0,0.85853,ink,traced,2168.5,0.953,ink,traced
132837,116355,197.2659,2081.0,0.86273,ink,traced,2168.5,0.953,ink,traced
132838,116356,197.2675,2082.0,0.86483,ink,traced,2168.5,0.953,ink,traced
132839,116357,197.2692,2084.0,0.86903,ink,traced,2169.0,0.95193,ink,traced
132840,116358,197.2708,2086.0,0.87322,ink,traced,2170.5,0.94874,ink,traced
132841,116359,197.2724,2087.0,0.87532,ink,traced,2169.0,0.95193,ink,traced
132842,116360,197.2741,2087.5,0.87637,ink,traced,2168.5,0.953,ink,traced
132843,116361,197.2757,2088.0,0.87742,ink,traced,2169.5,0.95087,ink,traced
132844,116362,197.2774,2088.0,0.87742,ink,traced,2169.0,0.95193,ink,traced
132845,116363,197.279,2092.0,0.88582,ink,traced,2168.5,0.95299,ink,traced
132846,116364,197.2806,2092.0,0.88582,ink,traced,2169.0,0.95193,ink,traced
132847,116365,197.2823,2093.0,0.88792,ink,traced,2169.0,0.95193,ink,traced
132848,116366,197.2839,2093.0,0.88792,ink,traced,2169.0,0.95193,ink,traced
132849,116367,197.2855,2094.0,0.89002,ink,traced,2169.0,0.95193,ink,traced
132850,116368,197.2872,2094.0,0.89002,ink,traced,2169.0,0.95193,ink,traced
132851,116369,197.2888,2093.0,0.88792,ink,traced,2170.0,0.9498,ink,traced
132852,116370,197.2904,2094.0,0.89002,ink,traced,2169.0,0.95192,ink,traced
132853,116371,197.2921,2094.0,0.89002,ink,traced,2169.0,0.95192,ink,traced
132854,116372,197.2937,2094.0,0.89002,ink,traced,2169.5,0.95086,ink,traced
132855,116373,197.2953,2094.0,0.89002,ink,traced,2169.5,0.95086,ink,traced
132856,116374,197.297,2095.0,0.89212,ink,traced,2168.5,0.95299,ink,traced
132857,116375,197.2986,2095.0,0.89212,ink,traced,2173.0,0.94341,ink,traced
132858,116376,197.3002,2094.0,0.89002,ink,traced,2169.0,0.95192,ink,traced
132859,116377,197.3019,2094.0,0.89002,ink,traced,2169.0,0.95192,ink,traced
132860,116378,197.3035,2095.5,0.89317,ink,traced,2169.0,0.95192,ink,traced
132861,116379,197.3052,2096.0,0.89422,ink,traced,2169.0,0.95192,ink,traced
132862,116380,197.3068,2097.0,0.89632,ink,traced,2169.0,0.95192,ink,traced
132863,116381,197.3084,2097.0,0.89632,ink,traced,2169.0,0.95192,ink,traced
132864,116382,197.3101,2095.0,0.89213,ink,traced,2169.5,0.95085,ink,traced
132865,116383,197.3117,2094.5,0.89108,ink,traced,2169.5,0.95085,ink,traced
132866,116384,197.3133,2095.0,0.89213,ink,traced,2169.5,0.95085,ink,traced
132867,116385,197.315,2098.0,0.89842,ink,traced,2169.0,0.95191,ink,traced
132868,116386,197.3166,2096.0,0.89423,ink,traced,2169.0,0.95191,ink,traced
132869,116387,197.3182,2097.5,0.89738,ink,traced,2169.5,0.95085,ink,traced
132870,116388,197.3199,2098.0,0.89843,ink,traced,2169.5,0.95085,ink,traced
132871,116389,197.3215,2097.0,0.89633,ink,traced,2169.5,0.95085,ink,traced
132872,116390,197.3231,2098.0,0.89843,ink,traced,2169.0,0.95191,ink,traced
132873,116391,197.3248,2097.5,0.89738,ink,traced,2169.0,0.95191,ink,traced
132874,116392,197.3264,2098.0,0.89843,ink,traced,2169.0,0.95191,ink,traced
132875,116393,197.328,2098.0,0.89843,ink,traced,2169.0,0.95191,ink,traced
132876,116394,197.3297,2098.0,0.89843,ink,traced,2169.0,0.95191,ink,traced
132877,116395,197.3313,2097.5,0.89738,ink,traced,2169.0,0.95191,ink,traced
132878,116396,197.333,2098.0,0.89843,ink,traced,2169.0,0.95191,ink,traced
132879,116397,197.3346,2098.0,0.89843,ink,traced,2169.0,0.95191,ink,traced
132880,116398,197.3362,2097.5,0.89738,ink,traced,2169.5,0.95084,ink,traced
132881,116399,197.3379,2098.0,0.89843,ink,traced,2169.5,0.95084,ink,traced
132882,116400,197.3395,2098.0,0.89843,ink,traced,2169.5,0.95084,ink,traced
132883,116401,197.3411,2098.0,0.89843,ink,traced,2169.5,0.95084,ink,traced
132884,116402,197.3428,2098.5,0.89948,ink,traced,2169.5,0.95084,ink,traced
132885,116403,197.3444,2099.5,0.90158,ink,traced,2169.0,0.9519,ink,traced
132886,116404,197.346,2099.5,0.90158,ink,traced,2169.5,0.95084,ink,traced
132887,116405,197.3477,2099.0,0.90054,ink,traced,2176.0,0.937,ink,traced
132888,116406,197.3493,2099.0,0.90054,ink,traced,2177.0,0.93487,ink,traced
132889,116407,197.3509,2098.5,0.89949,ink,traced,2179.0,0.93062,ink,traced
132890,116408,197.3526,2098.5,0.89949,ink,traced,2185.0,0.91785,ink,traced
132891,116409,197.3542,2098.5,0.89949,ink,traced,2192.0,0.90295,ink,traced
132892,116410,197.3558,2099.0,0.90054,ink,traced,2195.0,0.89656,ink,traced
132893,116411,197.3575,2099.0,0.90054,ink,traced,2205.0,0.87528,ink,traced
132894,116412,197.3591,2098.0,0.89844,ink,traced,2212.5,0.85931,ink,traced
132895,116413,197.3608,2100.0,0.90264,ink,traced,2220.0,0.84335,ink,traced
132896,116414,197.3624,2099.5,0.90159,ink,traced,2222.0,0.83909,ink,traced
132897,116415,197.364,2100.5,0.90369,ink,traced,2235.0,0.81143,ink,traced
132898,116416,197.3657,2100.5,0.90369,ink,traced,2242.0,0.79653,ink,traced
132899,116417,197.3673,2099.5,0.90159,ink,traced,2251.5,0.77631,ink,traced
132900,116418,197.3689,2099.5,0.90159,ink,traced,2264.0,0.7497,ink,traced
132901,116419,197.3706,2099.0,0.90055,ink,traced,2278.0,0.71991,ink,traced
132902,116420,197.3722,2099.5,0.9016,ink,traced,2285.0,0.70501,ink,traced
132903,116421,197.3738,2098.5,0.8995,ink,traced,2308.5,0.65499,ink,traced
132904,116422,197.3755,2098.0,0.89845,ink,traced,2321.0,0.62839,ink,traced
132905,116423,197.3771,2100.5,0.9037,ink,traced,2336.0,0.59647,ink,traced
132906,116424,197.3787,2100.0,0.90265,ink,traced,2340.0,0.58795,ink,traced
132907,116425,197.3804,2100.0,0.90265,ink,traced,2356.5,0.55283,ink,traced
132908,116426,197.382,2100.0,0.90265,ink,traced,2387.5,0.4871,ink,traced
132909,116427,197.3836,2099.0,0.90055,ink,traced,2409.0,0.4422,ink,traced
132910,116428,197.3853,2101.0,0.90475,ink,traced,2422.0,0.41505,ink,traced
132911,116429,197.3869,2101.0,0.90475,ink,traced,2433.0,0.39207,ink,traced
132912,116430,197.3886,2101.0,0.90475,ink,traced,2446.0,0.36492,ink,traced
132913,116431,197.3902,2101.0,0.90475,ink,traced,2452.5,0.35134,ink,traced
132914,116432,197.3918,2101.0,0.90475,ink,traced,2478.0,0.29809,ink,traced
132915,116433,197.3935,2101.5,0.9058,ink,traced,2496.0,0.26049,ink,traced
132916,116434,197.3951,2101.0,0.90475,ink,traced,2502.5,0.24692,ink,traced
132917,116435,197.3967,2101.5,0.9058,ink,traced,2515.0,0.22081,ink,traced
132918,116436,197.3984,2101.5,0.9058,ink,traced,2545.0,0.15815,ink,traced
132919,116437,197.4,2101.5,0.9058,ink,traced,2574.5,0.09654,ink,traced
132920,116438,197.4016,2101.5,0.90581,ink,traced,2587.0,0.07043,ink,traced
132921,116439,197.4033,2101.5,0.90581,ink,traced,2594.0,0.05581,ink,traced
132922,116440,197.4049,2101.5,0.90581,ink,traced,2595.0,0.05372,ink,traced
132923,116441,197.4065,2101.5,0.90581,ink,traced,2603.0,0.03701,ink,traced
132924,116442,197.4082,2101.5,0.90581,ink,traced,2603.5,0.03597,ink,traced
132925,116443,197.4098,2101.5,0.90581,ink,traced,2608.0,0.02657,ink,traced
132926,116444,197.4114,2101.0,0.90476,ink,traced,2609.0,0.02448,ink,traced
132927,116445,197.4131,2100.0,0.90266,ink,traced,2609.0,0.02448,ink,traced
132928,116446,197.4147,2097.5,0.89742,ink,traced,2609.0,0.02448,ink,traced
132929,116447,197.4163,2084.0,0.86909,ink,traced,2609.0,0.02448,ink,traced
132930,116448,197.418,2085.0,0.87119,ink,traced,2608.0,0.02657,ink,traced
132931,116449,197.4196,2074.0,0.84811,ink,traced,2607.0,0.02865,ink,traced
132932,116450,197.4213,2068.5,0.83657,ink,traced,2610.0,0.02239,ink,traced
132933,116451,197.4229,2056.0,0.81034,ink,traced,2610.0,0.02239,ink,traced
132934,116452,197.4245,2057.0,0.81243,ink,traced,2609.5,0.02343,ink,traced
132935,116453,197.4262,2040.0,0.77676,ink,traced,2610.0,0.02238,ink,traced
132936,116454,197.4278,2039.5,0.77571,ink,traced,2609.5,0.02343,ink,traced
132937,116455,197.4294,2022.0,0.73899,ink,traced,2609.5,0.02343,ink,traced
132938,116456,197.4311,2019.0,0.7327,ink,traced,2609.0,0.02447,ink,traced
132939,116457,197.4327,1987.0,0.66555,ink,traced,2608.5,0.02551,ink,traced
132940,116458,197.4343,1978.0,0.64666,ink,traced,2608.0,0.02656,ink,traced
132941,116459,197.436,1972.5,0.63512,ink,traced,2606.5,0.02969,ink,traced
132942,116460,197.4376,1972.0,0.63407,ink,traced,2606.0,0.03073,ink,traced
132943,116461,197.4392,1955.0,0.5984,ink,traced,2605.5,0.03178,ink,traced
132944,116462,197.4409,1948.0,0.58371,ink,traced,2603.5,0.03595,ink,traced
132945,116463,197.4425,1946.0,0.57952,ink,traced,2601.0,0.04117,ink,traced
132946,116464,197.4441,1947.0,0.58162,ink,traced,2598.5,0.0464,ink,traced
132947,116465,197.4458,1925.0,0.53545,ink,traced,2596.0,0.05162,ink,traced
132948,116466,197.4474,1922.0,0.52916,ink,traced,2595.0,0.0537,ink,traced
132949,116467,197.4491,1922.0,0.52916,ink,traced,2593.5,0.05684,ink,traced
132950,116468,197.4507,1914.0,0.51237,rule,traced,2592.0,0.05997,ink,traced
132951,116469,197.4523,1900.0,0.48281,ink,traced,2591.0,0.06206,ink,traced
132952,116470,197.454,1899.0,0.48069,ink,traced,2589.5,0.06519,ink,traced
132953,116471,197.4556,1897.0,0.47644,ink,traced,2588.5,0.06728,ink,traced
132954,116472,197.4572,1897.0,0.47645,ink,traced,2588.0,0.06832,ink,traced
132955,116473,197.4589,1876.0,0.4319,ink,traced,2587.5,0.06936,ink,traced
132956,116474,197.4605,1875.0,0.42978,ink,traced,2586.0,0.07249,ink,traced
132957,116475,197.4621,1872.0,0.42341,ink,traced,2585.0,0.07458,ink,traced
132958,116476,197.4638,1872.0,0.42342,ink,traced,2584.0,0.07667,ink,traced
132959,116477,197.4654,1855.0,0.38735,ink,traced,2582.0,0.08085,ink,traced
132960,116478,197.467,1852.0,0.38099,ink,traced,2579.5,0.08607,ink,traced
132961,116479,197.4687,1850.0,0.37675,ink,traced,2578.0,0.0892,ink,traced
132962,116480,197.4703,1845.5,0.3672,ink,traced,2573.5,0.0986,ink,traced
132963,116481,197.4719,1844.0,0.36402,ink,traced,2571.5,0.10277,ink,traced
132964,116482,197.4736,1833.0,0.34069,ink,traced,2570.0,0.10591,ink,traced
132965,116483,197.4752,1828.0,0.33008,ink,traced,2568.0,0.11008,ink,traced
132966,116484,197.4769,1825.0,0.32372,ink,traced,2566.5,0.11321,ink,traced
132967,116485,197.4785,1824.5,0.32266,ink,traced,2564.5,0.11739,ink,traced
132968,116486,197.4801,1825.0,0.32372,ink,traced,2563.0,0.12052,ink,traced
132969,116487,197.4818,1812.0,0.29615,ink,traced,2561.0,0.1247,ink,traced
132970,116488,197.4834,1806.0,0.28342,ink,traced,2557.5,0.13201,ink,traced
132971,116489,197.485,1805.0,0.2813,ink,traced,2556.5,0.1341,ink,traced
132972,116490,197.4867,1800.5,0.27175,ink,traced,2554.5,0.13827,ink,traced
132973,116491,197.4883,1802.0,0.27494,ink,traced,2552.0,0.14349,ink,traced
132974,116492,197.4899,1790.0,0.24948,ink,traced,2550.0,0.14767,ink,traced
132975,116493,197.4916,1792.5,0.25478,ink,traced,2546.5,0.15498,ink,traced
132976,116494,197.4932,1790.5,0.25054,ink,traced,2544.0,0.1602,ink,traced
132977,116495,197.4948,1786.5,0.24206,ink,traced,2541.0,0.16646,ink,traced
132978,116496,197.4965,1780.0,0.22827,ink,traced,2538.0,0.17273,ink,traced
132979,116497,197.4981,1777.0,0.22191,ink,traced,2534.5,0.18004,ink,traced
132980,116498,197.4997,1776.0,0.21979,ink,traced,2531.0,0.18735,ink,traced
132981,116499,197.5014,1773.0,0.21342,ink,traced,2531.0,0.18735,ink,traced
132982,116500,197.503,1776.5,0.22085,ink,traced,2527.5,0.19466,ink,traced
132983,116501,197.5047,1775.0,0.21767,ink,traced,2526.0,0.19779,ink,traced
132984,116502,197.5063,1773.0,0.21343,ink,traced,2522.5,0.2051,ink,traced
132985,116503,197.5079,1772.0,0.2113,ink,traced,2520.0,0.21032,ink,traced
132986,116504,197.5096,1771.0,0.20918,ink,traced,2518.5,0.21345,ink,traced
132987,116505,197.5112,1770.5,0.20812,ink,traced,2514.5,0.2218,ink,traced
132988,116506,197.5128,1769.0,0.20494,ink,traced,2510.5,0.23016,ink,traced
132989,116507,197.5145,1768.0,0.20282,ink,traced,2509.0,0.23329,ink,traced
132990,116508,197.5161,1767.5,0.20176,ink,traced,2503.5,0.24478,ink,traced
132991,116509,197.5177,1767.5,0.20176,ink,traced,2502.0,0.24791,ink,traced
132992,116510,197.5194,1766.5,0.19964,ink,traced,2499.5,0.25313,ink,traced
132993,116511,197.521,1766.5,0.19964,ink,traced,2495.0,0.26253,ink,traced
132994,116512,197.5226,1766.0,0.19858,ink,traced,2491.5,0.26983,ink,traced
132995,116513,197.5243,1766.0,0.19858,ink,traced,2489.0,0.27506,ink,traced
132996,116514,197.5259,1766.0,0.19858,ink,traced,2482.0,0.28967,ink,traced
132997,116515,197.5275,1766.0,0.19859,ink,traced,2483.5,0.28654,ink,traced
132998,116516,197.5292,1766.0,0.19859,ink,traced,2480.0,0.29385,ink,traced
132999,116517,197.5308,1765.5,0.19753,ink,traced,2476.0,0.3022,ink,traced
133000,116518,197.5325,1765.0,0.19647,ink,traced,2473.5,0.30742,ink,traced
133001,116519,197.5341,1765.5,0.19753,ink,traced,2472.0,0.31056,ink,traced
133002,116520,197.5357,1765.5,0.19753,ink,traced,2467.0,0.321,ink,traced
133003,116521,197.5374,1765.5,0.19753,ink,traced,2465.5,0.32413,ink,traced
133004,116522,197.539,1765.5,0.19753,ink,traced,2459.0,0.33771,ink,traced
133005,116523,197.5406,1765.5,0.19753,ink,traced,2455.0,0.34606,ink,traced
133006,116524,197.5423,1765.0,0.19647,ink,traced,2452.5,0.35128,ink,traced
133007,116525,197.5439,1765.0,0.19647,ink,traced,2449.5,0.35754,ink,traced
133008,116526,197.5455,1765.5,0.19753,ink,traced,2446.0,0.36485,ink,traced
133009,116527,197.5472,1765.0,0.19647,ink,traced,2442.0,0.37321,ink,traced
133010,116528,197.5488,1765.5,0.19753,ink,traced,2439.5,0.37843,ink,traced
133011,116529,197.5504,1765.5,0.19753,ink,traced,2436.0,0.38574,ink,traced
133012,116530,197.5521,1765.5,0.19754,ink,traced,2434.0,0.38991,ink,traced
133013,116531,197.5537,1765.5,0.19754,ink,traced,2429.0,0.40036,ink,traced
133014,116532,197.5553,1765.0,0.19648,ink,traced,2426.5,0.40558,ink,traced
133015,116533,197.557,1765.0,0.19648,ink,traced,2424.5,0.40975,ink,traced
133016,116534,197.5586,1765.5,0.19754,ink,traced,2423.5,0.41184,ink,traced
133017,116535,197.5603,1767.0,0.20072,ink,traced,2418.0,0.42333,ink,traced
133018,116536,197.5619,1768.5,0.2039,ink,traced,2411.5,0.4369,ink,traced
133019,116537,197.5635,1774.5,0.21663,ink,traced,2410.5,0.43899,ink,traced
133020,116538,197.5652,1776.0,0.21981,ink,traced,2408.5,0.44317,ink,traced
133021,116539,197.5668,1779.0,0.22618,ink,traced,2400.5,0.45987,ink,traced
133022,116540,197.5684,1781.0,0.23042,ink,traced,2399.5,0.46196,ink,traced
133023,116541,197.5701,1785.0,0.23891,ink,traced,2396.0,0.46927,ink,traced
133024,116542,197.5717,1788.0,0.24527,ink,traced,2394.0,0.47345,ink,traced
133025,116543,197.5733,1791.0,0.25164,ink,traced,2393.0,0.47553,ink,traced
133026,116544,197.575,1791.0,0.25164,ink,traced,2390.5,0.48075,ink,traced
133027,116545,197.5766,1798.5,0.26755,ink,traced,2385.0,0.49224,rule,traced
133028,116546,197.5782,1800.0,0.27073,ink,traced,2383.0,0.49642,rule,traced
133029,116547,197.5799,1802.5,0.27604,ink,traced,2374.0,0.5155,faint,traced
133030,116548,197.5815,1804.0,0.27922,ink,traced,2379.5,0.5038,rule,traced
133031,116549,197.5831,1807.5,0.28664,ink,traced,2378.5,0.50592,rule,traced
133032,116550,197.5848,1810.5,0.29301,ink,traced,2373.5,0.51656,ink,traced
133033,116551,197.5864,1813.0,0.29831,ink,traced,2372.0,0.51976,ink,traced
133034,116552,197.5881,1817.0,0.3068,ink,traced,2370.5,0.52295,ink,traced
133035,116553,197.5897,1818.5,0.30998,ink,traced,2371.5,0.52082,ink,traced
133036,116554,197.5913,1822.5,0.31847,ink,traced,2376.0,0.51124,rule,traced
133037,116555,197.593,1824.0,0.32165,ink,traced,2376.0,0.51124,rule,traced
133038,116556,197.5946,1827.0,0.32801,ink,traced,2376.0,0.51124,rule,traced
133039,116557,197.5962,1830.5,0.33544,ink,traced,2376.0,0.51124,rule,traced
133040,116558,197.5979,1834.5,0.34393,ink,traced,2388.0,0.48597,ink,traced
133041,116559,197.5995,1837.0,0.34923,ink,traced,2389.0,0.48388,ink,traced
133042,116560,197.6011,1842.5,0.3609,ink,traced,2391.0,0.4797,ink,traced
133043,116561,197.6028,1843.0,0.36196,ink,traced,2398.0,0.46508,ink,traced
133044,116562,197.6044,1845.5,0.36726,ink,traced,2402.0,0.45672,ink,traced
133045,116563,197.606,1849.5,0.37575,ink,traced,2406.0,0.44837,ink,traced
133046,116564,197.6077,1852.5,0.38211,ink,traced,2411.0,0.43793,ink,traced
133047,116565,197.6093,1858.0,0.39378,ink,traced,2417.0,0.42539,ink,traced
133048,116566,197.6109,1859.0,0.3959,ink,traced,2421.0,0.41704,ink,traced
133049,116567,197.6126,1865.0,0.40863,ink,traced,2425.0,0.40868,ink,traced
133050,116568,197.6142,1867.0,0.41287,ink,traced,2436.0,0.38571,ink,traced
133051,116569,197.6159,1870.0,0.41924,ink,traced,2440.0,0.37735,ink,traced
133052,116570,197.6175,1873.5,0.42666,ink,traced,2448.0,0.36065,ink,traced
133053,116571,197.6191,1877.5,0.43515,ink,traced,2457.0,0.34185,ink,traced
133054,116572,197.6208,1882.0,0.4447,ink,traced,2460.0,0.33558,ink,traced
133055,116573,197.6224,1887.0,0.4553,ink,traced,2469.0,0.31678,ink,traced
133056,116574,197.624,1890.0,0.46167,ink,traced,2471.0,0.31261,ink,traced
133057,116575,197.6257,1892.0,0.46591,ink,traced,2480.0,0.29381,ink,traced
133058,116576,197.6273,1901.0,0.485,faint,traced,2485.0,0.28337,ink,traced
133059,116577,197.6289,1900.5,0.48394,ink,traced,2501.0,0.24995,ink,traced
133060,116578,197.6306,1902.0,0.48713,ink,traced,2502.0,0.24786,ink,traced
133061,116579,197.6322,1914.0,0.51245,rule,traced,2508.0,0.23533,ink,traced
133062,116580,197.6338,1914.5,0.5135,ink,traced,2518.0,0.21444,ink,traced
133063,116581,197.6355,1917.0,0.51874,ink,traced,2525.0,0.19982,ink,traced
133064,116582,197.6371,1921.0,0.52714,ink,traced,2536.0,0.17685,ink,traced
133065,116583,197.6387,1926.0,0.53763,ink,traced,2541.0,0.1664,ink,traced
133066,116584,197.6404,1928.5,0.54288,ink,traced,2545.0,0.15805,ink,traced
133067,116585,197.642,1931.0,0.54813,ink,traced,2553.0,0.14134,ink,traced
133068,116586,197.6436,1934.5,0.55547,ink,traced,2557.0,0.13298,ink,traced
133069,116587,197.6453,1936.5,0.55967,ink,traced,2564.0,0.11836,ink,traced
133070,116588,197.6469,1940.0,0.56701,ink,traced,2563.5,0.11941,ink,traced
133071,116589,197.6486,1944.5,0.57646,ink,traced,2571.0,0.10374,ink,traced
133072,116590,197.6502,1949.0,0.5859,ink,traced,2580.0,0.08494,ink,traced
133073,116591,197.6518,1951.5,0.59115,ink,traced,2591.0,0.06197,ink,traced
133074,116592,197.6535,1956.0,0.60059,ink,traced,2597.0,0.04944,ink,traced
133075,116593,197.6551,1959.0,0.60689,ink,traced,2597.0,0.04944,ink,traced
133076,116594,197.6567,1961.5,0.61213,ink,traced,2597.0,0.04944,ink,traced
133077,116595,197.6584,1967.0,0.62368,ink,traced,2597.0,0.04944,ink,traced
133078,116596,197.66,1969.5,0.62892,ink,traced,2600.0,0.04317,ink,traced
133079,116597,197.6616,1973.0,0.63627,ink,traced,2601.0,0.04108,ink,traced
133080,116598,197.6633,1976.5,0.64361,ink,traced,2601.0,0.04108,ink,traced
133081,116599,197.6649,1979.0,0.64886,ink,traced,2601.0,0.04108,ink,traced
133082,116600,197.6665,1981.0,0.65306,ink,traced,2601.0,0.04108,ink,traced
133083,116601,197.6682,1984.0,0.65935,ink,traced,2601.5,0.04003,ink,traced
133084,116602,197.6698,1990.5,0.67299,ink,traced,2601.0,0.04108,ink,traced
133085,116603,197.6714,1992.5,0.67719,ink,traced,2601.0,0.04108,ink,traced
133086,116604,197.6731,1995.0,0.68244,ink,traced,2601.0,0.04108,ink,traced
133087,116605,197.6747,1997.5,0.68769,ink,traced,2601.0,0.04107,ink,traced
133088,116606,197.6764,2002.0,0.69713,ink,traced,2601.0,0.04107,ink,traced
133089,116607,197.678,2005.0,0.70343,ink,traced,2600.0,0.04316,ink,traced
133090,116608,197.6796,2010.0,0.71392,ink,traced,2599.0,0.04525,ink,traced
133091,116609,197.6813,2010.5,0.71497,ink,traced,2597.5,0.04838,ink,traced
133092,116610,197.6829,2012.0,0.71812,ink,traced,2595.5,0.05256,ink,traced
133093,116611,197.6845,2014.0,0.72231,ink,traced,2594.0,0.05569,ink,traced
133094,116612,197.6862,2017.5,0.72966,ink,traced,2592.0,0.05987,ink,traced
133095,116613,197.6878,2018.5,0.73176,ink,traced,2589.0,0.06613,ink,traced
133096,116614,197.6894,2021.5,0.73805,ink,traced,2587.5,0.06926,ink,traced
133097,116615,197.6911,2023.5,0.74225,ink,traced,2586.0,0.0724,ink,traced
133098,116616,197.6927,2025.5,0.74645,ink,traced,2584.0,0.07657,ink,traced
133099,116617,197.6943,2030.0,0.75589,ink,traced,2582.0,0.08075,ink,traced
133100,116618,197.696,2031.0,0.75799,ink,traced,2581.0,0.08284,ink,traced
133101,116619,197.6976,2034.0,0.76429,ink,traced,2577.0,0.09119,ink,traced
133102,116620,197.6992,2034.5,0.76534,ink,traced,2578.0,0.0891,ink,traced
133103,116621,197.7009,2034.5,0.76534,ink,traced,2575.0,0.09537,ink,traced
133104,116622,197.7025,2036.0,0.76849,ink,traced,2574.0,0.09745,ink,traced
133105,116623,197.7042,2035.5,0.76744,ink,traced,2572.0,0.10163,ink,traced
133106,116624,197.7058,2036.0,0.76849,ink,traced,2570.0,0.10581,ink,traced
133107,116625,197.7074,2036.0,0.76849,ink,traced,2568.5,0.10894,ink,traced
133108,116626,197.7091,2036.0,0.76849,ink,traced,2566.0,0.11416,ink,traced
133109,116627,197.7107,2037.0,0.77059,ink,traced,2563.0,0.12042,ink,traced
133110,116628,197.7123,2035.5,0.76744,ink,traced,2561.0,0.1246,ink,traced
133111,116629,197.714,2035.5,0.76744,ink,traced,2560.0,0.12669,ink,traced
133112,116630,197.7156,2036.5,0.76954,ink,traced,2557.5,0.13191,ink,traced
133113,116631,197.7172,2036.0,0.76849,ink,traced,2555.5,0.13608,ink,traced
133114,116632,197.7189,2036.5,0.76954,ink,traced,2554.0,0.13922,ink,traced
133115,116633,197.7205,2036.0,0.7685,ink,traced,2548.5,0.1507,ink,traced
133116,116634,197.7221,2036.0,0.7685,ink,traced,2545.0,0.15801,ink,traced
133117,116635,197.7238,2036.0,0.7685,ink,traced,2546.0,0.15592,ink,traced
133118,116636,197.7254,2036.0,0.7685,ink,traced,2543.0,0.16219,ink,traced
133119,116637,197.727,2036.0,0.7685,ink,traced,2538.0,0.17263,ink,traced
133120,116638,197.7287,2035.5,0.76745,ink,traced,2537.0,0.17472,ink,traced
133121,116639,197.7303,2035.5,0.76745,ink,traced,2535.0,0.17889,ink,traced
133122,116640,197.732,2035.5,0.76745,ink,traced,2533.0,0.18307,ink,traced
133123,116641,197.7336,2035.5,0.76745,ink,traced,2527.5,0.19456,ink,traced
133124,116642,197.7352,2035.5,0.76745,ink,traced,2528.0,0.19351,ink,traced
133125,116643,197.7369,2035.5,0.76745,ink,traced,2526.5,0.19664,ink,traced
133126,116644,197.7385,2035.5,0.76745,ink,traced,2522.0,0.20604,ink,traced
133127,116645,197.7401,2035.5,0.76745,ink,traced,2519.5,0.21126,ink,traced
133128,116646,197.7418,2035.5,0.76746,ink,traced,2518.5,0.21335,ink,traced
133129,116647,197.7434,2035.5,0.76746,ink,traced,2516.5,0.21753,ink,traced
133130,116648,197.745,2035.5,0.76746,ink,traced,2512.5,0.22588,ink,traced
133131,116649,197.7467,2035.5,0.76746,ink,traced,2509.0,0.23319,ink,traced
133132,116650,197.7483,2035.5,0.76746,ink,traced,2507.5,0.23632,ink,traced
133133,116651,197.7499,2035.5,0.76746,ink,traced,2503.5,0.24467,ink,traced
133134,116652,197.7516,2035.5,0.76746,ink,traced,2503.0,0.24572,ink,traced
133135,116653,197.7532,2035.5,0.76746,ink,traced,2498.5,0.25512,ink,traced
133136,116654,197.7548,2035.5,0.76746,ink,traced,2496.5,0.25929,ink,traced
133137,116655,197.7565,2035.5,0.76746,ink,traced,2492.5,0.26765,ink,traced
133138,116656,197.7581,2035.5,0.76746,ink,traced,2490.5,0.27182,ink,traced
133139,116657,197.7598,2035.5,0.76746,ink,traced,2488.5,0.276,ink,traced
133140,116658,197.7614,2035.0,0.76641,ink,traced,2485.5,0.28226,ink,traced
133141,116659,197.763,2035.0,0.76642,ink,traced,2481.5,0.29062,ink,traced
133142,116660,197.7647,2035.0,0.76642,ink,traced,2477.0,0.30001,ink,traced
133143,116661,197.7663,2035.0,0.76642,ink,traced,2475.0,0.30419,ink,traced
133144,116662,197.7679,2035.0,0.76642,ink,traced,2471.0,0.31254,ink,traced
133145,116663,197.7696,2035.0,0.76642,ink,traced,2470.5,0.31359,ink,traced
133146,116664,197.7712,2035.0,0.76642,ink,traced,2466.0,0.32299,ink,traced
133147,116665,197.7728,2035.0,0.76642,ink,traced,2465.0,0.32507,ink,traced
133148,116666,197.7745,2035.0,0.76642,ink,traced,2459.5,0.33656,ink,traced
133149,116667,197.7761,2035.0,0.76642,ink,traced,2455.5,0.34491,ink,traced
133150,116668,197.7777,2035.0,0.76642,ink,traced,2452.5,0.35118,ink,traced
133151,116669,197.7794,2035.0,0.76642,ink,traced,2449.5,0.35744,ink,traced
133152,116670,197.781,2035.0,0.76642,ink,traced,2446.5,0.36371,ink,traced
133153,116671,197.7826,2035.5,0.76747,ink,traced,2443.5,0.36997,ink,traced
133154,116672,197.7843,2035.0,0.76642,ink,traced,2440.5,0.37624,ink,traced
133155,116673,197.7859,2035.0,0.76643,ink,traced,2438.0,0.38146,ink,traced
133156,116674,197.7876,2035.0,0.76643,ink,traced,2436.0,0.38563,ink,traced
133157,116675,197.7892,2035.0,0.76643,ink,traced,2433.0,0.3919,ink,traced
133158,116676,197.7908,2035.0,0.76643,ink,traced,2428.5,0.4013,ink,traced
133159,116677,197.7925,2034.5,0.76538,ink,traced,2420.5,0.41801,ink,traced
133160,116678,197.7941,2034.5,0.76538,ink,traced,2421.0,0.41696,ink,traced
133161,116679,197.7957,2034.5,0.76538,ink,traced,2419.0,0.42114,ink,traced
133162,116680,197.7974,2035.0,0.76643,ink,traced,2412.0,0.43576,ink,traced
133163,116681,197.799,2035.0,0.76643,ink,traced,2411.5,0.4368,ink,traced
133164,116682,197.8006,2035.0,0.76643,ink,traced,2409.0,0.44202,ink,traced
133165,116683,197.8023,2035.0,0.76643,ink,traced,2404.5,0.45142,ink,traced
133166,116684,197.8039,2035.0,0.76643,ink,traced,2402.0,0.45664,ink,traced
133167,116685,197.8055,2035.0,0.76643,ink,traced,2399.5,0.46186,ink,traced
133168,116686,197.8072,2034.5,0.76539,ink,traced,2396.5,0.46812,ink,traced
133169,116687,197.8088,2034.5,0.76539,ink,traced,2391.5,0.47857,ink,traced
133170,116688,197.8104,2034.5,0.76539,ink,traced,2389.0,0.48379,ink,traced
133171,116689,197.8121,2034.5,0.76539,ink,traced,2384.5,0.49318,rule,traced
133172,116690,197.8137,2034.5,0.76539,ink,traced,2388.0,0.48587,faint,traced
133173,116691,197.8154,2034.5,0.76539,ink,traced,2376.0,0.51114,rule,traced
133174,116692,197.817,2034.5,0.76539,ink,traced,2378.5,0.50582,rule,traced
133175,116693,197.8186,2034.5,0.76539,ink,traced,2377.5,0.50795,rule,traced
133176,116694,197.8203,2035.0,0.76644,ink,traced,2370.0,0.52391,ink,traced
133177,116695,197.8219,2035.0,0.76644,ink,traced,2364.0,0.53668,ink,traced
133178,116696,197.8235,2034.5,0.76539,ink,traced,2362.5,0.53987,ink,traced
133179,116697,197.8252,2035.5,0.76749,ink,traced,2361.0,0.54306,ink,traced
133180,116698,197.8268,2035.0,0.76644,ink,traced,2355.0,0.55583,ink,traced
133181,116699,197.8284,2035.5,0.76749,ink,traced,2352.5,0.56115,ink,traced
133182,116700,197.8301,2035.0,0.76644,ink,traced,2348.0,0.57073,ink,traced
133183,116701,197.8317,2035.0,0.76644,ink,traced,2347.0,0.57286,ink,traced
133184,116702,197.8333,2034.5,0.7654,ink,traced,2343.0,0.58137,ink,traced
133185,116703,197.835,2034.0,0.76435,ink,traced,2341.0,0.58562,ink,traced
133186,116704,197.8366,2035.0,0.76645,ink,traced,2339.5,0.58882,ink,traced
133187,116705,197.8382,2035.5,0.7675,ink,traced,2331.0,0.60691,ink,traced
133188,116706,197.8399,2034.5,0.7654,ink,traced,2331.0,0.6069,ink,traced
133189,116707,197.8415,2034.5,0.7654,ink,traced,2329.5,0.6101,ink,traced
133190,116708,197.8431,2033.5,0.7633,ink,traced,2325.0,0.61967,ink,traced
133191,116709,197.8448,2031.0,0.75806,ink,traced,2321.5,0.62712,ink,traced
133192,116710,197.8464,2034.5,0.7654,ink,traced,2317.0,0.6367,ink,traced
133193,116711,197.8481,2034.5,0.7654,ink,traced,2315.0,0.64095,ink,traced
133194,116712,197.8497,2034.0,0.76435,ink,traced,2311.0,0.64947,ink,traced
133195,116713,197.8513,2034.0,0.76435,ink,traced,2307.5,0.65691,ink,traced
133196,116714,197.853,2034.5,0.7654,ink,traced,2302.0,0.66862,ink,traced
133197,116715,197.8546,2031.0,0.75806,ink,traced,2302.0,0.66862,ink,traced
133198,116716,197.8562,2033.5,0.76331,ink,traced,2298.0,0.67713,ink,traced
133199,116717,197.8579,2034.5,0.76541,ink,traced,2295.0,0.68351,ink,traced
133200,116718,197.8595,2035.0,0.76646,ink,traced,2292.0,0.6899,ink,traced
133201,116719,197.8611,2035.0,0.76646,ink,traced,2290.5,0.69309,ink,traced
133202,116720,197.8628,2035.0,0.76646,ink,traced,2289.5,0.69522,ink,traced
133203,116721,197.8644,2034.5,0.76541,ink,traced,2287.0,0.70054,ink,traced
133204,116722,197.866,2035.0,0.76646,ink,traced,2286.5,0.7016,ink,traced
133205,116723,197.8677,2034.5,0.76541,ink,traced,2285.5,0.70373,ink,traced
133206,116724,197.8693,2034.0,0.76436,ink,traced,2292.0,0.68989,ink,traced
133207,116725,197.8709,2034.5,0.76541,ink,traced,2295.0,0.68351,ink,traced
133208,116726,197.8726,2034.0,0.76436,ink,traced,2297.0,0.67925,ink,traced
133209,116727,197.8742,2034.5,0.76541,ink,traced,2301.0,0.67074,ink,traced
133210,116728,197.8759,2034.5,0.76541,ink,traced,2308.5,0.65477,ink,traced
133211,116729,197.8775,2034.0,0.76437,ink,traced,2313.0,0.6452,ink,traced
133212,116730,197.8791,2034.0,0.76437,ink,traced,2316.0,0.63881,ink,traced
133213,116731,197.8808,2034.0,0.76437,ink,traced,2322.0,0.62604,ink,traced
133214,116732,197.8824,2034.0,0.76437,ink,traced,2329.0,0.61114,ink,traced
133215,116733,197.884,2034.0,0.76437,ink,traced,2339.0,0.58986,ink,traced
133216,116734,197.8857,2034.5,0.76542,ink,traced,2344.0,0.57922,ink,traced
133217,116735,197.8873,2033.5,0.76332,ink,traced,2350.0,0.56645,ink,traced
133218,116736,197.8889,2034.0,0.76437,ink,traced,2359.0,0.54729,ink,traced
133219,116737,197.8906,2034.5,0.76542,ink,traced,2370.0,0.52388,ink,traced
133220,116738,197.8922,2033.0,0.76227,ink,traced,2376.0,0.51111,rule,traced
133221,116739,197.8938,2032.5,0.76123,ink,traced,2396.0,0.46913,ink,traced
133222,116740,197.8955,2031.5,0.75913,ink,traced,2405.0,0.45033,ink,traced
133223,116741,197.8971,2031.0,0.75808,ink,traced,2418.5,0.42214,ink,traced
133224,116742,197.8987,2030.5,0.75703,hole,traced,2430.0,0.39812,ink,traced
133225,116743,197.9004,2031.0,0.75808,hole,traced,2445.0,0.36679,ink,traced
133226,116744,197.902,2030.5,0.75703,hole,traced,2452.0,0.35217,ink,traced
133227,116745,197.9037,2030.5,0.75703,hole,traced,2463.0,0.32919,ink,traced
133228,116746,197.9053,2030.0,0.75598,ink,traced,2470.0,0.31457,ink,traced
133229,116747,197.9069,2030.0,0.75599,faint,traced,2478.0,0.29787,ink,traced
133230,116748,197.9086,2030.0,0.75599,hole,traced,2497.0,0.25818,ink,traced
133231,116749,197.9102,2030.0,0.75599,hole,traced,2513.0,0.22476,ink,traced
133232,116750,197.9118,2031.0,0.75809,hole,traced,2524.0,0.20179,ink,traced
133233,116751,197.9135,2031.0,0.75809,hole,traced,2529.0,0.19135,ink,traced
133234,116752,197.9151,2031.0,0.75809,hole,traced,2543.0,0.16211,ink,traced
133235,116753,197.9167,2030.0,0.75599,hole,traced,2559.0,0.12869,ink,traced
133236,116754,197.9184,2030.0,0.75599,hole,traced,2584.5,0.07543,ink,traced
133237,116755,197.92,2030.0,0.75599,hole,traced,2592.0,0.05977,ink,traced
133238,116756,197.9216,2029.0,0.75389,gap,traced,2598.0,0.04723,ink,traced
133239,116757,197.9233,2032.0,0.76019,hole,traced,2602.0,0.03888,ink,traced
133240,116758,197.9249,2032.0,0.76019,hole,traced,2602.0,0.03888,ink,traced
133241,116759,197.9265,2030.0,0.75599,hole,traced,2600.0,0.04306,ink,traced
133242,116760,197.9282,2030.0,0.75599,hole,traced,2603.0,0.03679,ink,traced
133243,116761,197.9298,2030.0,0.756,hole,traced,2611.0,0.02008,ink,traced
133244,116762,197.9315,2032.0,0.76019,hole,traced,2608.0,0.02634,ink,traced
133245,116763,197.9331,2032.0,0.76019,hole,traced,2609.0,0.02426,ink,traced
133246,116764,197.9347,2030.0,0.756,gap,traced,2610.5,0.02112,ink,traced
133247,116765,197.9364,2025.0,0.74551,faint,traced,2610.0,0.02217,ink,traced
133248,116766,197.938,2025.0,0.74551,gap,traced,2608.0,0.02634,ink,traced
133249,116767,197.9396,2031.0,0.7581,hole,traced,2607.5,0.02739,ink,traced
133250,116768,197.9413,2031.0,0.7581,hole,traced,2609.0,0.02425,ink,traced
133251,116769,197.9429,2031.0,0.7581,hole,traced,2607.0,0.02843,ink,traced
133252,116770,197.9445,2031.0,0.7581,hole,traced,2607.0,0.02843,ink,traced
133253,116771,197.9462,2031.0,0.75809,hole,traced,2607.0,0.02843,ink,traced
133254,116772,197.9478,2030.0,0.75599,hole,traced,2607.0,0.02843,ink,traced
133255,116773,197.9494,2030.0,0.75599,hole,traced,2610.0,0.02217,ink,traced
133256,116774,197.9511,2030.0,0.75599,hole,traced,2609.5,0.02322,ink,traced
133257,116775,197.9527,2030.0,0.75599,hole,traced,2607.0,0.02844,ink,traced
133258,116776,197.9543,2031.0,0.75809,hole,traced,2608.0,0.02635,ink,traced
133259,116777,197.956,2029.0,0.75389,faint,traced,2606.5,0.02949,ink,traced
133260,116778,197.9576,2030.0,0.75599,hole,traced,2605.0,0.03262,ink,traced
133261,116779,197.9593,2030.0,0.75598,hole,traced,2607.5,0.0274,ink,traced
133262,116780,197.9609,2030.0,0.75598,hole,traced,2607.5,0.0274,ink,traced
133263,116781,197.9625,2030.0,0.75598,hole,traced,2607.0,0.02845,ink,traced
133264,116782,197.9642,2030.0,0.75598,faint,traced,2607.0,0.02845,ink,traced
133265,116783,197.9658,2030.0,0.75598,ink,traced,2607.0,0.02845,ink,traced
133266,116784,197.9674,2031.0,0.75808,ink,traced,2607.5,0.02741,ink,traced
133267,116785,197.9691,2031.0,0.75808,ink,traced,2607.0,0.02845,ink,traced
133268,116786,197.9707,2031.0,0.75807,ink,traced,2607.0,0.02845,ink,traced
133269,116787,197.9723,2032.0,0.76017,ink,traced,2607.0,0.02846,ink,traced
133270,116788,197.974,2033.0,0.76227,ink,traced,2606.0,0.03054,ink,traced
133271,116789,197.9756,2034.5,0.76541,ink,traced,2605.5,0.03159,ink,traced
133272,116790,197.9772,2034.5,0.76541,ink,traced,2606.0,0.03055,ink,traced
133273,116791,197.9789,2035.0,0.76646,ink,traced,2605.5,0.03159,ink,traced
133274,116792,197.9805,2034.0,0.76436,ink,traced,2605.0,0.03264,ink,traced
133275,116793,197.9821,2037.0,0.77065,ink,traced,2605.0,0.03264,ink,traced
133276,116794,197.9838,2034.0,0.76436,ink,traced,2603.0,0.03682,ink,traced
133277,116795,197.9854,2034.0,0.76436,ink,traced,2602.5,0.03786,ink,traced
133278,116796,197.9871,2034.5,0.7654,ink,traced,2605.0,0.03264,ink,traced
133279,116797,197.9887,2034.0,0.76435,ink,traced,2604.5,0.03369,ink,traced
133280,116798,197.9903,2034.5,0.7654,ink,traced,2604.5,0.03369,ink,traced
133281,116799,197.992,2034.0,0.76435,ink,traced,2604.5,0.03369,ink,traced
133282,116800,197.9936,2034.0,0.76435,ink,traced,2604.5,0.03369,ink,traced
133283,116801,197.9952,2034.5,0.7654,ink,traced,2603.5,0.03578,ink,traced
133284,116802,197.9969,2034.5,0.7654,ink,traced,2603.5,0.03579,ink,traced
133285,116803,197.9985,2034.5,0.7654,ink,traced,2604.5,0.0337,ink,traced
133286,116804,198.0001,2035.0,0.76644,ink,traced,2603.0,0.03683,ink,traced
133287,116805,198.0018,2034.5,0.76539,ink,traced,2603.0,0.03683,ink,traced
133288,116806,198.0034,2034.0,0.76434,ink,traced,2602.0,0.03892,ink,traced
133289,116807,198.005,2034.5,0.76539,ink,traced,2602.5,0.03788,ink,traced
133290,116808,198.0067,2034.5,0.76539,ink,traced,2599.0,0.04519,ink,traced
133291,116809,198.0083,2035.0,0.76644,ink,traced,2602.0,0.03893,ink,traced
133292,116810,198.0099,2034.5,0.76539,ink,traced,2602.0,0.03893,ink,traced
133293,116811,198.0116,2034.5,0.76538,ink,traced,2602.0,0.03893,ink,traced
133294,116812,198.0132,2034.5,0.76538,ink,traced,2601.0,0.04102,ink,traced
133295,116813,198.0149,2034.5,0.76538,ink,traced,2602.0,0.03893,ink,traced
133296,116814,198.0165,2034.0,0.76433,ink,traced,2601.0,0.04102,ink,traced
133297,116815,198.0181,2034.5,0.76538,ink,traced,2601.0,0.04102,ink,traced
133298,116816,198.0198,2034.0,0.76433,ink,traced,2597.0,0.04938,ink,traced
133299,116817,198.0214,2034.5,0.76538,ink,traced,2600.0,0.04312,ink,traced
133300,116818,198.023,2034.5,0.76537,ink,traced,2600.0,0.04312,ink,traced
133301,116819,198.0247,2034.5,0.76537,ink,traced,2599.0,0.04521,ink,traced
133302,116820,198.0263,2034.5,0.76537,ink,traced,2599.0,0.04521,ink,traced
133303,116821,198.0279,2035.0,0.76642,ink,traced,2599.5,0.04417,ink,traced
133304,116822,198.0296,2034.5,0.76537,ink,traced,2599.0,0.04521,ink,traced
133305,116823,198.0312,2034.5,0.76537,ink,traced,2599.0,0.04521,ink,traced
133306,116824,198.0328,2034.0,0.76432,ink,traced,2598.5,0.04626,ink,traced
133307,116825,198.0345,2034.5,0.76537,ink,traced,2598.0,0.0473,ink,traced
133308,116826,198.0361,2034.5,0.76536,ink,traced,2598.5,0.04626,ink,traced
133309,116827,198.0377,2034.5,0.76536,ink,traced,2598.0,0.04731,ink,traced
133310,116828,198.0394,2034.5,0.76536,ink,traced,2597.5,0.04835,ink,traced
133311,116829,198.041,2034.5,0.76536,ink,traced,2597.5,0.04835,ink,traced
133312,116830,198.0427,2034.5,0.76536,ink,traced,2597.5,0.04835,ink,traced
133313,116831,198.0443,2033.5,0.76326,ink,traced,2596.5,0.05044,ink,traced
133314,116832,198.0459,2034.0,0.76431,ink,traced,2593.5,0.05671,ink,traced
133315,116833,198.0476,2034.5,0.76535,ink,traced,2593.0,0.05776,ink,traced
133316,116834,198.0492,2034.0,0.7643,ink,traced,2596.0,0.05149,ink,traced
133317,116835,198.0508,2034.0,0.7643,ink,traced,2595.5,0.05254,ink,traced
133318,116836,198.0525,2034.0,0.7643,ink,traced,2595.0,0.05358,ink,traced
133319,116837,198.0541,2034.0,0.7643,ink,traced,2594.0,0.05567,ink,traced
133320,116838,198.0557,2033.5,0.76325,ink,traced,2594.5,0.05463,ink,traced
133321,116839,198.0574,2034.0,0.7643,ink,traced,2594.5,0.05463,ink,traced
133322,116840,198.059,2034.0,0.7643,ink,traced,2593.5,0.05672,ink,traced
133323,116841,198.0606,2034.0,0.76429,ink,traced,2593.5,0.05672,ink,traced
133324,116842,198.0623,2034.5,0.76534,ink,traced,2591.5,0.0609,ink,traced
133325,116843,198.0639,2034.0,0.76429,ink,traced,2594.0,0.05568,ink,traced
133326,116844,198.0655,2034.0,0.76429,ink,traced,2593.0,0.05777,ink,traced
133327,116845,198.0672,2034.0,0.76429,ink,traced,2593.0,0.05777,ink,traced
133328,116846,198.0688,2034.0,0.76429,ink,traced,2593.0,0.05777,ink,traced
133329,116847,198.0704,2034.0,0.76429,ink,traced,2592.5,0.05882,ink,traced
133330,116848,198.0721,2034.0,0.76428,ink,traced,2592.5,0.05882,ink,traced
133331,116849,198.0737,2034.0,0.76428,ink,traced,2592.0,0.05987,ink,traced
133332,116850,198.0754,2034.0,0.76428,ink,traced,2591.5,0.06091,ink,traced
133333,116851,198.077,2034.0,0.76428,ink,traced,2591.0,0.06196,ink,traced
133334,116852,198.0786,2034.0,0.76428,ink,traced,2590.5,0.063,ink,traced
133335,116853,198.0803,2034.0,0.76428,ink,traced,2590.5,0.06301,ink,traced
133336,116854,198.0819,2034.0,0.76428,ink,traced,2590.0,0.06405,ink,traced
133337,116855,198.0835,2034.0,0.76427,ink,traced,2590.0,0.06405,ink,traced
133338,116856,198.0852,2034.0,0.76427,ink,traced,2590.5,0.06301,ink,traced
133339,116857,198.0868,2034.0,0.76427,ink,traced,2589.5,0.0651,ink,traced
133340,116858,198.0884,2034.0,0.76427,ink,traced,2589.5,0.0651,ink,traced
133341,116859,198.0901,2034.5,0.76532,ink,traced,2589.0,0.06615,ink,traced
133342,116860,198.0917,2034.0,0.76427,ink,traced,2589.0,0.06615,ink,traced
133343,116861,198.0933,2034.5,0.76532,ink,traced,2589.0,0.06615,ink,traced
133344,116862,198.095,2034.5,0.76531,ink,traced,2588.5,0.06719,ink,traced
133345,116863,198.0966,2034.0,0.76426,ink,traced,2587.5,0.06928,ink,traced
133346,116864,198.0982,2034.0,0.76426,ink,traced,2587.5,0.06929,ink,traced
133347,116865,198.0999,2034.0,0.76426,ink,traced,2587.5,0.06929,ink,traced
133348,116866,198.1015,2034.5,0.76531,ink,traced,2588.5,0.0672,ink,traced
133349,116867,198.1032,2034.0,0.76426,ink,traced,2587.5,0.06929,ink,traced
133350,116868,198.1048,2034.0,0.76426,ink,traced,2587.0,0.07034,ink,traced
133351,116869,198.1064,2034.0,0.76426,ink,traced,2584.0,0.0766,ink,traced
133352,116870,198.1081,2034.0,0.76425,ink,traced,2586.0,0.07243,ink,traced
133353,116871,198.1097,2033.5,0.7632,ink,traced,2586.0,0.07243,ink,traced
133354,116872,198.1113,2034.0,0.76425,ink,traced,2585.5,0.07347,ink,traced
133355,116873,198.113,2034.0,0.76425,ink,traced,2585.5,0.07348,ink,traced
133356,116874,198.1146,2034.0,0.76425,ink,traced,2585.5,0.07348,ink,traced
133357,116875,198.1162,2034.0,0.76425,ink,traced,2585.0,0.07452,ink,traced
133358,116876,198.1179,2034.0,0.76425,ink,traced,2585.0,0.07452,ink,traced
133359,116877,198.1195,2034.0,0.76424,ink,traced,2584.0,0.07661,ink,traced
133360,116878,198.1211,2034.0,0.76424,ink,traced,2583.5,0.07766,ink,traced
133361,116879,198.1228,2034.5,0.76529,ink,traced,2583.5,0.07766,ink,traced
133362,116880,198.1244,2034.0,0.76424,ink,traced,2583.0,0.07871,ink,traced
133363,116881,198.126,2034.0,0.76424,ink,traced,2583.0,0.07871,ink,traced
133364,116882,198.1277,2034.0,0.76424,ink,traced,2583.0,0.07871,ink,traced
133365,116883,198.1293,2034.0,0.76424,ink,traced,2582.5,0.07975,ink,traced
133366,116884,198.131,2034.0,0.76424,ink,traced,2582.5,0.07976,ink,traced
133367,116885,198.1326,2034.0,0.76423,ink,traced,2582.0,0.0808,ink,traced
133368,116886,198.1342,2034.0,0.76423,ink,traced,2582.0,0.0808,ink,traced
133369,116887,198.1359,2034.0,0.76423,ink,traced,2582.0,0.0808,ink,traced
133370,116888,198.1375,2034.0,0.76423,ink,traced,2580.5,0.08394,ink,traced
133371,116889,198.1391,2034.0,0.76423,ink,traced,2581.5,0.08185,ink,traced
133372,116890,198.1408,2034.5,0.76528,ink,traced,2581.0,0.0829,ink,traced
133373,116891,198.1424,2034.5,0.76527,ink,traced,2581.0,0.0829,ink,traced
133374,116892,198.144,2034.5,0.76527,ink,traced,2580.0,0.08499,ink,traced
133375,116893,198.1457,2034.0,0.76422,ink,traced,2580.0,0.08499,ink,traced
133376,116894,198.1473,2034.0,0.76422,ink,traced,2580.0,0.08499,ink,traced
133377,116895,198.1489,2034.0,0.76422,ink,traced,2579.5,0.08604,ink,traced
133378,116896,198.1506,2034.5,0.76527,ink,traced,2579.0,0.08708,ink,traced
133379,116897,198.1522,2034.5,0.76527,ink,traced,2579.5,0.08604,ink,traced
133380,116898,198.1538,2034.0,0.76422,ink,traced,2579.0,0.08708,ink,traced
133381,116899,198.1555,2034.5,0.76526,ink,traced,2578.0,0.08917,ink,traced
133382,116900,198.1571,2034.5,0.76526,ink,traced,2579.0,0.08709,ink,traced
133383,116901,198.1588,2034.5,0.76526,ink,traced,2579.0,0.08709,ink,traced
133384,116902,198.1604,2034.5,0.76526,ink,traced,2575.5,0.0944,ink,traced
133385,116903,198.162,2035.0,0.76631,ink,traced,2577.5,0.09022,ink,traced
133386,116904,198.1637,2034.5,0.76526,ink,traced,2577.0,0.09127,ink,traced
133387,116905,198.1653,2034.5,0.76526,ink,traced,2576.5,0.09232,ink,traced
133388,116906,198.1669,2035.0,0.7663,ink,traced,2576.0,0.09336,ink,traced
133389,116907,198.1686,2035.0,0.7663,ink,traced,2576.0,0.09336,ink,traced
133390,116908,198.1702,2035.0,0.7663,ink,traced,2576.0,0.09336,ink,traced
133391,116909,198.1718,2035.0,0.7663,ink,traced,2575.5,0.09441,ink,traced
133392,116910,198.1735,2034.5,0.76525,ink,traced,2576.0,0.09337,ink,traced
133393,116911,198.1751,2034.5,0.76525,ink,traced,2574.5,0.0965,ink,traced
133394,116912,198.1767,2035.0,0.7663,ink,traced,2575.0,0.09546,ink,traced
133395,116913,198.1784,2035.0,0.76629,ink,traced,2572.0,0.10173,ink,traced
133396,116914,198.18,2035.0,0.76629,ink,traced,2574.0,0.09755,ink,traced
133397,116915,198.1816,2034.5,0.76524,ink,traced,2574.5,0.09651,ink,traced
133398,116916,198.1833,2034.5,0.76524,ink,traced,2574.0,0.09755,ink,traced
133399,116917,198.1849,2034.0,0.76419,ink,traced,2573.5,0.0986,ink,traced
133400,116918,198.1866,2034.5,0.76524,ink,traced,2571.5,0.10278,ink,traced
133401,116919,198.1882,2034.5,0.76524,ink,traced,2572.5,0.10069,ink,traced
133402,116920,198.1898,2034.5,0.76524,ink,traced,2572.0,0.10173,ink,traced
133403,116921,198.1915,2035.0,0.76628,ink,traced,2569.5,0.10696,ink,traced
133404,116922,198.1931,2035.5,0.76733,ink,traced,2569.5,0.10696,ink,traced
133405,116923,198.1947,2036.0,0.76838,ink,traced,2571.0,0.10383,ink,traced
133406,116924,198.1964,2038.0,0.77257,ink,traced,2570.5,0.10487,ink,traced
133407,116925,198.198,2039.5,0.77572,ink,traced,2570.5,0.10487,ink,traced
133408,116926,198.1996,2042.0,0.78097,ink,traced,2571.0,0.10383,ink,traced
133409,116927,198.2013,2045.0,0.78726,ink,traced,2570.5,0.10488,ink,traced
133410,116928,198.2029,2048.0,0.79355,ink,traced,2570.0,0.10592,ink,traced
133411,116929,198.2045,2055.0,0.80824,ink,traced,2569.5,0.10697,ink,traced
133412,116930,198.2062,2052.5,0.80299,ink,traced,2569.0,0.10801,ink,traced
133413,116931,198.2078,2055.5,0.80929,ink,traced,2567.0,0.11219,ink,traced
133414,116932,198.2094,2064.0,0.82712,ink,traced,2569.0,0.10802,ink,traced
133415,116933,198.2111,2066.0,0.83132,ink,traced,2567.5,0.11115,ink,traced
133416,116934,198.2127,2066.0,0.83132,ink,traced,2568.0,0.11011,ink,traced
133417,116935,198.2144,2069.5,0.83866,ink,traced,2568.0,0.11011,ink,traced
133418,116936,198.216,2071.5,0.84286,ink,traced,2567.5,0.11115,ink,traced
133419,116937,198.2176,2073.5,0.84705,ink,traced,2566.5,0.11324,ink,traced
133420,116938,198.2193,2076.0,0.8523,ink,traced,2566.5,0.11325,ink,traced
133421,116939,198.2209,2079.0,0.85859,ink,traced,2566.0,0.11429,ink,traced
133422,116940,198.2225,2081.0,0.86279,ink,traced,2566.0,0.11429,ink,traced
133423,116941,198.2242,2083.0,0.86698,ink,traced,2565.5,0.11534,ink,traced
133424,116942,198.2258,2086.5,0.87432,ink,traced,2565.5,0.11534,ink,traced
133425,116943,198.2274,2087.0,0.87537,ink,traced,2566.0,0.1143,ink,traced
133426,116944,198.2291,2088.0,0.87747,ink,traced,2565.5,0.11534,ink,traced
133427,116945,198.2307,2089.0,0.87957,ink,traced,2564.5,0.11743,ink,traced
133428,116946,198.2323,2090.5,0.88271,ink,traced,2564.0,0.11848,ink,traced
133429,116947,198.234,2092.5,0.88691,ink,traced,2564.5,0.11744,ink,traced
133430,116948,198.2356,2094.0,0.89005,ink,traced,2561.5,0.1237,ink,traced
133431,116949,198.2372,2094.5,0.8911,ink,traced,2564.5,0.11744,ink,traced
133432,116950,198.2389,2096.5,0.8953,ink,traced,2564.0,0.11848,ink,traced
133433,116951,198.2405,2097.5,0.89739,ink,traced,2563.5,0.11953,ink,traced
133434,116952,198.2422,2098.5,0.89949,ink,traced,2562.5,0.12162,ink,traced
133435,116953,198.2438,2099.5,0.90159,ink,traced,2562.5,0.12162,ink,traced
133436,116954,198.2454,2101.0,0.90473,ink,traced,2562.0,0.12267,ink,traced
133437,116955,198.2471,2101.0,0.90473,ink,traced,2562.0,0.12267,ink,traced
133438,116956,198.2487,2102.0,0.90683,ink,traced,2561.5,0.12371,ink,traced
133439,116957,198.2503,2102.0,0.90683,ink,traced,2561.5,0.12371,ink,traced
133440,116958,198.252,2102.0,0.90683,ink,traced,2561.5,0.12372,ink,traced
133441,116959,198.2536,2102.5,0.90788,ink,traced,2560.5,0.12581,ink,traced
133442,116960,198.2552,2102.5,0.90787,ink,traced,2560.0,0.12685,ink,traced
133443,116961,198.2569,2103.5,0.90997,ink,traced,2559.5,0.1279,ink,traced
133444,116962,198.2585,2102.5,0.90787,ink,traced,2559.5,0.1279,ink,traced
133445,116963,198.2601,2104.0,0.91102,ink,traced,2560.0,0.12686,ink,traced
133446,116964,198.2618,2104.0,0.91102,ink,traced,2559.0,0.12895,ink,traced
133447,116965,198.2634,2104.5,0.91206,ink,traced,2559.0,0.12895,ink,traced
133448,116966,198.265,2103.0,0.90892,ink,traced,2559.0,0.12895,ink,traced
133449,116967,198.2667,2103.0,0.90891,ink,traced,2559.0,0.12895,ink,traced
133450,116968,198.2683,2102.5,0.90786,ink,traced,2558.0,0.13104,ink,traced
133451,116969,198.27,2103.5,0.90996,ink,traced,2558.0,0.13104,ink,traced
133452,116970,198.2716,2103.0,0.90891,ink,traced,2557.0,0.13313,ink,traced
133453,116971,198.2732,2102.5,0.90786,ink,traced,2557.0,0.13313,ink,traced
133454,116972,198.2749,2103.5,0.90996,ink,traced,2557.0,0.13313,ink,traced
133455,116973,198.2765,2102.5,0.90786,ink,traced,2557.0,0.13313,ink,traced
133456,116974,198.2781,2103.0,0.9089,ink,traced,2557.0,0.13314,ink,traced
133457,116975,198.2798,2103.5,0.90995,ink,traced,2557.0,0.13314,ink,traced
133458,116976,198.2814,2103.5,0.90995,ink,traced,2557.0,0.13314,ink,traced
133459,116977,198.283,2103.5,0.90995,ink,traced,2556.0,0.13523,ink,traced
133460,116978,198.2847,2103.5,0.90995,ink,traced,2555.5,0.13627,ink,traced
133461,116979,198.2863,2104.0,0.911,ink,traced,2555.5,0.13628,ink,traced
133462,116980,198.2879,2104.0,0.91099,ink,traced,2555.0,0.13732,ink,traced
133463,116981,198.2896,2104.5,0.91204,ink,traced,2554.5,0.13837,ink,traced
133464,116982,198.2912,2104.5,0.91204,ink,traced,2554.5,0.13837,ink,traced
133465,116983,198.2928,2104.5,0.91204,ink,traced,2554.0,0.13941,ink,traced
133466,116984,198.2945,2104.5,0.91204,ink,traced,2553.0,0.1415,ink,traced
133467,116985,198.2961,2104.5,0.91204,ink,traced,2552.5,0.14255,ink,traced
133468,116986,198.2977,2104.5,0.91204,ink,traced,2552.0,0.1436,ink,traced
133469,116987,198.2994,2104.5,0.91203,ink,traced,2552.0,0.1436,ink,traced
133470,116988,198.301,2105.0,0.91308,ink,traced,2552.0,0.1436,ink,traced
133471,116989,198.3027,2104.5,0.91203,ink,traced,2551.5,0.14464,ink,traced
133472,116990,198.3043,2104.5,0.91203,ink,traced,2551.5,0.14464,ink,traced
133473,116991,198.3059,2104.5,0.91203,ink,traced,2551.0,0.14569,ink,traced
133474,116992,198.3076,2104.5,0.91203,ink,traced,2551.0,0.14569,ink,traced
133475,116993,198.3092,2104.5,0.91203,ink,traced,2550.5,0.14674,ink,traced
133476,116994,198.3108,2104.5,0.91202,ink,traced,2550.5,0.14674,ink,traced
133477,116995,198.3125,2105.0,0.91307,ink,traced,2545.0,0.15823,ink,traced
133478,116996,198.3141,2104.5,0.91202,ink,traced,2549.5,0.14883,ink,traced
133479,116997,198.3157,2104.5,0.91202,ink,traced,2549.5,0.14883,ink,traced
133480,116998,198.3174,2104.5,0.91202,ink,traced,2549.0,0.14988,ink,traced
133481,116999,198.319,2106.0,0.91517,ink,traced,2549.0,0.14988,ink,traced
133482,117000,198.3206,2105.0,0.91307,ink,traced,2548.0,0.15197,ink,traced
133483,117001,198.3223,2105.0,0.91306,ink,traced,2547.0,0.15406,ink,traced
133484,117002,198.3239,2104.5,0.91201,ink,traced,2547.0,0.15406,ink,traced
133485,117003,198.3255,2105.0,0.91306,ink,traced,2547.0,0.15406,ink,traced
133486,117004,198.3272,2105.5,0.91411,ink,traced,2547.0,0.15406,ink,traced
133487,117005,198.3288,2106.5,0.91621,ink,traced,2547.0,0.15406,ink,traced
133488,117006,198.3305,2104.5,0.91201,ink,traced,2546.0,0.15615,ink,traced
133489,117007,198.3321,2104.0,0.91096,ink,traced,2545.0,0.15824,ink,traced
133490,117008,198.3337,2106.0,0.91515,ink,traced,2544.0,0.16033,ink,traced
133491,117009,198.3354,2105.0,0.91305,ink,traced,2537.0,0.17495,ink,traced
133492,117010,198.337,2105.0,0.91305,ink,traced,2534.0,0.18122,ink,traced
133493,117011,198.3386,2105.0,0.91305,ink,traced,2530.0,0.18958,ink,traced
133494,117012,198.3403,2104.5,0.912,ink,traced,2529.0,0.19167,ink,traced
133495,117013,198.3419,2106.0,0.91515,ink,traced,2529.0,0.19167,ink,traced
133496,117014,198.3435,2105.0,0.91305,ink,traced,2527.5,0.1948,ink,traced
133497,117015,198.3452,2105.5,0.91409,ink,traced,2518.0,0.21464,ink,traced
133498,117016,198.3468,2105.5,0.91409,ink,traced,2521.0,0.20838,ink,traced
133499,117017,198.3484,2105.5,0.91409,ink,traced,2518.5,0.2136,ink,traced
133500,117018,198.3501,2105.5,0.91409,ink,traced,2516.0,0.21883,ink,traced
133501,117019,198.3517,2105.5,0.91409,ink,traced,2511.0,0.22927,ink,traced
133502,117020,198.3533,2105.5,0.91409,ink,traced,2509.5,0.2324,ink,traced
133503,117021,198.355,2105.0,0.91304,ink,traced,2507.0,0.23763,ink,traced
133504,117022,198.3566,2105.5,0.91408,ink,traced,2504.0,0.24389,ink,traced
133505,117023,198.3583,2105.5,0.91408,ink,traced,2501.5,0.24912,ink,traced
133506,117024,198.3599,2105.5,0.91408,ink,traced,2498.5,0.25538,ink,traced
133507,117025,198.3615,2105.0,0.91303,ink,traced,2497.0,0.25852,ink,traced
133508,117026,198.3632,2105.0,0.91303,ink,traced,2494.0,0.26478,ink,traced
133509,117027,198.3648,2105.0,0.91303,ink,traced,2491.0,0.27105,ink,traced
133510,117028,198.3664,2105.0,0.91303,ink,traced,2489.0,0.27523,ink,traced
133511,117029,198.3681,2105.5,0.91408,ink,traced,2485.0,0.28359,ink,traced
133512,117030,198.3697,2106.5,0.91617,ink,traced,2482.5,0.28881,ink,traced
133513,117031,198.3713,2106.0,0.91512,ink,traced,2479.5,0.29508,ink,traced
133514,117032,198.373,2105.5,0.91407,ink,traced,2477.5,0.29925,ink,traced
133515,117033,198.3746,2105.5,0.91407,ink,traced,2474.0,0.30656,ink,traced
133516,117034,198.3762,2105.0,0.91302,ink,traced,2472.0,0.31074,ink,traced
133517,117035,198.3779,2105.5,0.91407,ink,traced,2470.0,0.31492,ink,traced
133518,117036,198.3795,2105.5,0.91407,ink,traced,2466.0,0.32328,ink,traced
133519,117037,198.3811,2106.0,0.91511,ink,traced,2464.5,0.32641,ink,traced
133520,117038,198.3828,2106.0,0.91511,ink,traced,2457.0,0.34208,ink,traced
133521,117039,198.3844,2106.0,0.91511,ink,traced,2457.0,0.34208,ink,traced
133522,117040,198.3861,2105.5,0.91406,ink,traced,2455.0,0.34626,ink,traced
133523,117041,198.3877,2105.0,0.91301,ink,traced,2452.5,0.35148,ink,traced
133524,117042,198.3893,2105.0,0.91301,ink,traced,2450.0,0.3567,ink,traced
133525,117043,198.391,2105.5,0.91406,ink,traced,2446.5,0.36401,ink,traced
133526,117044,198.3926,2105.5,0.91405,ink,traced,2444.0,0.36924,ink,traced
133527,117045,198.3942,2106.0,0.9151,ink,traced,2440.0,0.37759,ink,traced
133528,117046,198.3959,2106.0,0.9151,ink,traced,2437.0,0.38386,ink,traced
133529,117047,198.3975,2106.0,0.9151,ink,traced,2434.5,0.38908,ink,traced
133530,117048,198.3991,2106.0,0.9151,ink,traced,2432.0,0.3943,ink,traced
133531,117049,198.4008,2106.0,0.9151,ink,traced,2429.0,0.40057,ink,traced
133532,117050,198.4024,2106.0,0.9151,ink,traced,2428.0,0.40266,ink,traced
133533,117051,198.404,2106.0,0.91509,ink,traced,2420.0,0.41937,ink,traced
133534,117052,198.4057,2106.0,0.91509,ink,traced,2419.0,0.42146,ink,traced
133535,117053,198.4073,2106.0,0.91509,ink,traced,2416.5,0.42668,ink,traced
133536,117054,198.4089,2106.0,0.91509,ink,traced,2413.5,0.43295,ink,traced
133537,117055,198.4106,2106.5,0.91614,ink,traced,2410.0,0.44026,ink,traced
133538,117056,198.4122,2106.5,0.91614,ink,traced,2406.0,0.44862,ink,traced
133539,117057,198.4139,2106.5,0.91614,ink,traced,2404.5,0.45175,ink,traced
133540,117058,198.4155,2106.5,0.91613,ink,traced,2401.5,0.45802,ink,traced
133541,117059,198.4171,2099.0,0.90039,ink,traced,2398.0,0.46533,ink,traced
133542,117060,198.4188,2095.0,0.892,ink,traced,2393.0,0.47577,ink,traced
133543,117061,198.4204,2091.0,0.8836,ink,traced,2391.5,0.47891,ink,traced
133544,117062,198.422,2088.0,0.87731,ink,traced,2388.5,0.48517,ink,traced
133545,117063,198.4237,2088.0,0.87731,ink,traced,2384.0,0.49457,rule,traced
133546,117064,198.4253,2079.0,0.85842,ink,traced,2387.0,0.48831,rule,traced
133547,117065,198.4269,2058.0,0.81435,ink,traced,2379.5,0.50405,rule,traced
133548,117066,198.4286,2053.0,0.80386,ink,traced,2378.5,0.50618,rule,traced
133549,117067,198.4302,2050.5,0.79861,ink,traced,2371.0,0.52214,ink,traced
133550,117068,198.4318,2029.0,0.75349,ink,traced,2369.0,0.5264,ink,traced
133551,117069,198.4335,2014.0,0.72201,ink,traced,2367.0,0.53066,ink,traced
133552,117070,198.4351,2009.5,0.71257,ink,traced,2361.5,0.54237,ink,traced
133553,117071,198.4367,1996.0,0.68424,ink,traced,2358.5,0.54875,ink,traced
133554,117072,198.4384,1981.0,0.65276,ink,traced,2356.5,0.55301,ink,traced
133555,117073,198.44,1958.0,0.6045,ink,traced,2351.5,0.56365,ink,traced
133556,117074,198.4417,1947.0,0.58141,ink,traced,2348.0,0.5711,ink,traced
133557,117075,198.4433,1938.0,0.56252,ink,traced,2344.0,0.57962,ink,traced
133558,117076,198.4449,1920.0,0.52475,ink,traced,2343.0,0.58175,ink,traced
133559,117077,198.4466,1918.0,0.52055,ink,traced,2340.0,0.58813,ink,traced
133560,117078,198.4482,1894.0,0.46986,ink,traced,2337.5,0.59346,ink,traced
133561,117079,198.4498,1871.0,0.42107,ink,traced,2334.0,0.60091,ink,traced
133562,117080,198.4515,1850.0,0.37652,ink,traced,2329.5,0.61048,ink,traced
133563,117081,198.4531,1852.0,0.38077,ink,traced,2326.0,0.61794,ink,traced
133564,117082,198.4547,1782.0,0.23227,faint,traced,2323.0,0.62432,ink,traced
133565,117083,198.4564,1767.0,0.20045,ink,traced,2319.5,0.63177,ink,traced
133566,117084,198.458,1765.0,0.19621,ink,traced,2315.5,0.64029,ink,traced
133567,117085,198.4596,1756.0,0.17711,faint,traced,2308.5,0.65519,ink,traced
133568,117086,198.4613,1756.0,0.17711,faint,traced,2308.0,0.65625,ink,traced
133569,117087,198.4629,1740.0,0.14317,ink,traced,2307.5,0.65732,ink,traced
133570,117088,198.4645,1732.0,0.1262,ink,traced,2302.5,0.66796,ink,traced
133571,117089,198.4662,1728.0,0.11771,ink,traced,2297.0,0.67967,ink,traced
133572,117090,198.4678,1721.0,0.10286,ink,traced,2295.5,0.68286,ink,traced
133573,117091,198.4695,1711.0,0.08165,ink,traced,2291.5,0.69137,ink,traced
133574,117092,198.4711,1708.5,0.07634,ink,traced,2288.5,0.69776,ink,traced
133575,117093,198.4727,1707.0,0.07316,ink,traced,2285.5,0.70415,ink,traced
133576,117094,198.4744,1707.0,0.07316,ink,traced,2283.5,0.7084,ink,traced
133577,117095,198.476,1699.0,0.05619,ink,traced,2278.5,0.71905,ink,traced
133578,117096,198.4776,1698.5,0.05512,ink,traced,2276.5,0.72331,ink,traced
133579,117097,198.4793,1698.0,0.05406,ink,traced,2271.5,0.73395,ink,traced
133580,117098,198.4809,1697.0,0.05194,ink,traced,2268.0,0.7414,ink,traced
133581,117099,198.4825,1694.0,0.04557,ink,traced,2264.0,0.74991,ink,traced
133582,117100,198.4842,1693.0,0.04345,ink,traced,2263.5,0.75098,ink,traced
133583,117101,198.4858,1696.0,0.04981,ink,traced,2259.0,0.76056,ink,traced
133584,117102,198.4874,1696.0,0.04981,ink,traced,2256.0,0.76694,ink,traced
133585,117103,198.4891,1694.0,0.04557,ink,traced,2251.0,0.77759,ink,traced
133586,117104,198.4907,1694.0,0.04557,ink,traced,2250.5,0.77865,ink,traced
133587,117105,198.4923,1694.5,0.04663,ink,traced,2247.5,0.78504,ink,traced
133588,117106,198.494,1694.5,0.04663,ink,traced,2243.0,0.79462,ink,traced
133589,117107,198.4956,1693.0,0.04344,ink,traced,2241.0,0.79887,ink,traced
133590,117108,198.4973,1695.0,0.04768,ink,traced,2236.0,0.80952,ink,traced
133591,117109,198.4989,1697.0,0.05192,ink,traced,2235.0,0.81165,ink,traced
133592,117110,198.5005,1697.0,0.05192,ink,traced,2232.5,0.81697,ink,traced
133593,117111,198.5022,1697.0,0.05192,ink,traced,2227.0,0.82868,ink,traced
133594,117112,198.5038,1697.0,0.05192,ink,traced,2227.0,0.82868,ink,traced
133595,117113,198.5054,1696.5,0.05086,ink,traced,2223.0,0.83719,ink,traced
133596,117114,198.5071,1697.5,0.05298,ink,traced,2219.0,0.84571,ink,traced
133597,117115,198.5087,1696.5,0.05086,ink,traced,2216.0,0.85209,ink,traced
133598,117116,198.5103,1696.5,0.05085,ink,traced,2216.0,0.85209,ink,traced
133599,117117,198.512,1697.0,0.05191,ink,traced,2211.0,0.86274,ink,traced
133600,117118,198.5136,1697.0,0.05191,ink,traced,2207.0,0.87125,ink,traced
133601,117119,198.5152,1695.0,0.04767,ink,traced,2202.0,0.88189,ink,traced
133602,117120,198.5169,1697.0,0.05191,ink,traced,2201.5,0.88296,ink,traced
133603,117121,198.5185,1697.0,0.05191,ink,traced,2200.0,0.88615,ink,traced
133604,117122,198.5201,1696.5,0.05085,ink,traced,2197.5,0.89147,ink,traced
133605,117123,198.5218,1696.5,0.05084,ink,traced,2194.5,0.89786,ink,traced
133606,117124,198.5234,1694.5,0.0466,ink,traced,2193.0,0.90105,ink,traced
133607,117125,198.525,1695.0,0.04766,ink,traced,2188.0,0.9117,ink,traced
133608,117126,198.5267,1695.5,0.04872,ink,traced,2187.0,0.91383,ink,traced
133609,117127,198.5283,1694.0,0.04554,ink,traced,2186.0,0.91596,ink,traced
133610,117128,198.53,1694.5,0.0466,ink,traced,2183.0,0.92234,ink,traced
133611,117129,198.5316,1695.0,0.04765,ink,traced,2182.0,0.92447,ink,traced
133612,117130,198.5332,1695.0,0.04765,ink,traced,2179.0,0.93086,ink,traced
133613,117131,198.5349,1695.0,0.04765,ink,traced,2175.5,0.93831,ink,traced
133614,117132,198.5365,1695.0,0.04765,ink,traced,2173.0,0.94363,ink,traced
133615,117133,198.5381,1694.5,0.04659,ink,traced,2173.0,0.94363,ink,traced
133616,117134,198.5398,1694.5,0.04659,ink,traced,2170.5,0.94895,ink,traced
133617,117135,198.5414,1694.0,0.04553,ink,traced,2169.0,0.95215,ink,traced
133618,117136,198.543,1694.5,0.04658,ink,traced,2169.5,0.95109,ink,traced
133619,117137,198.5447,1694.0,0.04552,ink,traced,2168.5,0.95322,ink,traced
133620,117138,198.5463,1694.0,0.04552,ink,traced,2168.5,0.95322,ink,traced
133621,117139,198.5479,1694.0,0.04552,ink,traced,2169.0,0.95215,ink,traced
133622,117140,198.5496,1694.0,0.04552,ink,traced,2165.0,0.96067,ink,traced
133623,117141,198.5512,1694.5,0.04658,ink,traced,2165.5,0.95961,ink,traced
133624,117142,198.5528,1695.5,0.0487,ink,traced,2166.5,0.95748,ink,traced
133625,117143,198.5545,1694.5,0.04657,ink,traced,2167.0,0.95642,ink,traced
133626,117144,198.5561,1694.5,0.04657,ink,traced,2167.0,0.95642,ink,traced
133627,117145,198.5578,1694.5,0.04657,ink,traced,2167.0,0.95642,ink,traced
133628,117146,198.5594,1694.0,0.04551,ink,traced,2167.0,0.95642,ink,traced
133629,117147,198.561,1694.5,0.04657,ink,traced,2167.0,0.95642,ink,traced
133630,117148,198.5627,1694.0,0.04551,ink,traced,2167.0,0.95642,ink,traced
133631,117149,198.5643,1694.5,0.04657,ink,traced,2167.0,0.95642,ink,traced
133632,117150,198.5659,1694.5,0.04657,ink,traced,2167.5,0.95536,ink,traced
133633,117151,198.5676,1694.5,0.04656,ink,traced,2167.5,0.95536,ink,traced
133634,117152,198.5692,1694.5,0.04656,ink,traced,2167.5,0.95536,ink,traced
133635,117153,198.5708,1694.0,0.0455,ink,traced,2167.5,0.95537,ink,traced
133636,117154,198.5725,1694.5,0.04656,ink,traced,2173.0,0.94366,ink,traced
133637,117155,198.5741,1694.5,0.04656,ink,traced,2173.0,0.94366,ink,traced
133638,117156,198.5757,1695.5,0.04868,ink,traced,2168.5,0.95324,ink,traced
133639,117157,198.5774,1696.0,0.04974,ink,traced,2168.5,0.95324,ink,traced
133640,117158,198.579,1697.0,0.05186,ink,traced,2168.5,0.95324,ink,traced
133641,117159,198.5806,1698.5,0.05504,ink,traced,2168.5,0.95325,ink,traced
133642,117160,198.5823,1702.0,0.06246,ink,traced,2168.5,0.95325,ink,traced
133643,117161,198.5839,1706.0,0.07094,ink,traced,2169.0,0.95218,ink,traced
133644,117162,198.5856,1709.0,0.07731,ink,traced,2169.0,0.95219,ink,traced
133645,117163,198.5872,1715.5,0.09109,ink,traced,2169.0,0.95219,ink,traced
133646,117164,198.5888,1717.5,0.09534,ink,traced,2169.0,0.95219,ink,traced
133647,117165,198.5905,1719.0,0.09852,ink,traced,2169.0,0.95219,ink,traced
133648,117166,198.5921,1722.5,0.10594,ink,traced,2169.5,0.95113,ink,traced
133649,117167,198.5937,1725.0,0.11124,ink,traced,2175.0,0.93942,ink,traced
133650,117168,198.5954,1726.5,0.11442,ink,traced,2176.0,0.9373,ink,traced
133651,117169,198.597,1727.5,0.11654,ink,traced,2179.0,0.93091,ink,traced
133652,117170,198.5986,1732.5,0.12715,ink,traced,2187.0,0.91389,ink,traced
133653,117171,198.6003,1735.0,0.13245,ink,traced,2192.0,0.90325,ink,traced
133654,117172,198.6019,1740.0,0.14305,ink,traced,2200.0,0.88622,ink,traced
133655,117173,198.6035,1740.0,0.14305,ink,traced,2207.0,0.87133,ink,traced
133656,117174,198.6052,1742.5,0.14835,ink,traced,2220.0,0.84366,ink,traced
133657,117175,198.6068,1744.0,0.15154,ink,traced,2223.0,0.83728,ink,traced
133658,117176,198.6084,1750.0,0.16426,ink,traced,2237.0,0.80748,ink,traced
133659,117177,198.6101,1752.5,0.16956,ink,traced,2246.5,0.78727,ink,traced
133660,117178,198.6117,1755.5,0.17593,ink,traced,2262.0,0.75428,ink,traced
133661,117179,198.6134,1757.5,0.18017,ink,traced,2272.5,0.73193,ink,traced
133662,117180,198.615,1762.5,0.19077,ink,traced,2281.0,0.71384,ink,traced
133663,117181,198.6166,1762.0,0.18971,ink,traced,2295.0,0.68405,ink,traced
133664,117182,198.6183,1768.5,0.2035,ink,traced,2310.0,0.65213,ink,traced
133665,117183,198.6199,1769.5,0.20562,ink,traced,2328.0,0.61382,ink,traced
133666,117184,198.6215,1771.5,0.20986,ink,traced,2339.0,0.59041,ink,traced
133667,117185,198.6232,1776.0,0.2194,ink,traced,2343.0,0.5819,ink,traced
133668,117186,198.6248,1777.5,0.22258,ink,traced,2343.0,0.5819,ink,traced
133669,117187,198.6264,1779.0,0.22576,ink,traced,2390.0,0.48221,ink,traced
133670,117188,198.6281,1783.5,0.23531,ink,traced,2393.0,0.47595,ink,traced
133671,117189,198.6297,1786.5,0.24167,ink,traced,2393.0,0.47595,ink,traced
133672,117190,198.6313,1789.5,0.24803,ink,traced,2414.0,0.43209,ink,traced
133673,117191,198.633,1792.5,0.2544,ink,traced,2443.0,0.37152,ink,traced
133674,117192,198.6346,1795.5,0.26076,ink,traced,2443.0,0.37153,ink,traced
133675,117193,198.6362,1800.0,0.2703,ink,traced,2464.0,0.32767,ink,traced
133676,117194,198.6379,1803.0,0.27667,ink,traced,2493.0,0.2671,ink,traced
133677,117195,198.6395,1807.0,0.28515,ink,traced,2506.0,0.23995,ink,traced
133678,117196,198.6412,1810.0,0.29151,ink,traced,2513.5,0.22429,ink,traced
133679,117197,198.6428,1812.5,0.29681,ink,traced,2537.0,0.17521,ink,traced
133680,117198,198.6444,1814.0,0.29999,ink,traced,2572.0,0.10211,ink,traced
133681,117199,198.6461,1817.0,0.30636,ink,traced,2584.5,0.07601,ink,traced
133682,117200,198.6477,1821.5,0.3159,ink,traced,2597.0,0.0499,ink,traced
133683,117201,198.6493,1824.0,0.3212,ink,traced,2602.5,0.03842,ink,traced
133684,117202,198.651,1826.5,0.32651,ink,traced,2607.0,0.02902,ink,traced
133685,117203,198.6526,1828.0,0.32969,ink,traced,2610.5,0.02171,ink,traced
133686,117204,198.6542,1834.0,0.34241,ink,traced,2611.0,0.02067,ink,traced
133687,117205,198.6559,1837.0,0.34877,ink,traced,2610.0,0.02276,ink,traced
133688,117206,198.6575,1842.0,0.35938,ink,traced,2610.0,0.02276,ink,traced
133689,117207,198.6591,1845.0,0.36574,ink,traced,2610.0,0.02276,ink,traced
133690,117208,198.6608,1847.0,0.36998,ink,traced,2610.0,0.02276,ink,traced
133691,117209,198.6624,1848.0,0.3721,ink,traced,2610.0,0.02276,ink,traced
133692,117210,198.664,1854.0,0.38483,ink,traced,2609.0,0.02485,ink,traced
133693,117211,198.6657,1856.0,0.38907,ink,traced,2608.0,0.02694,ink,traced
133694,117212,198.6673,1859.0,0.39543,ink,traced,2608.0,0.02694,ink,traced
133695,117213,198.669,1861.0,0.39968,ink,traced,2610.0,0.02277,ink,traced
133696,117214,198.6706,1866.5,0.41134,ink,traced,2610.0,0.02277,ink,traced
133697,117215,198.6722,1871.0,0.42089,ink,traced,2610.0,0.02277,ink,traced
133698,117216,198.6739,1872.0,0.42301,ink,traced,2609.5,0.02382,ink,traced
133699,117217,198.6755,1876.5,0.43255,ink,traced,2609.0,0.02486,ink,traced
133700,117218,198.6771,1878.5,0.43679,ink,traced,2609.0,0.02486,ink,traced
133701,117219,198.6788,1880.0,0.43997,ink,traced,2609.0,0.02487,ink,traced
133702,117220,198.6804,1881.0,0.44209,hole,traced,2609.0,0.02487,ink,traced
133703,117221,198.682,1881.0,0.44209,faint,traced,2609.0,0.02487,ink,traced
133704,117222,198.6837,1902.0,0.48664,hole,traced,2607.5,0.028,ink,traced
133705,117223,198.6853,1902.0,0.48663,hole,traced,2607.5,0.028,ink,traced
133706,117224,198.6869,1902.0,0.48663,hole,traced,2606.5,0.03009,ink,traced
133707,117225,198.6886,1926.0,0.53714,faint,traced,2605.0,0.03323,ink,traced
133708,117226,198.6902,1927.0,0.53924,gap,traced,2602.5,0.03845,ink,traced
133709,117227,198.6918,1938.0,0.56232,gap,traced,2600.0,0.04367,ink,traced
133710,117228,198.6935,1938.0,0.56232,faint,traced,2598.0,0.04785,ink,traced
133711,117229,198.6951,1938.0,0.56231,faint,traced,2595.0,0.05412,ink,traced
133712,117230,198.6968,1939.0,0.56441,gap,traced,2593.5,0.05725,ink,traced
133713,117231,198.6984,1935.0,0.55602,gap,traced,2592.5,0.05934,ink,traced
133714,117232,198.7,1935.0,0.55601,gap,traced,2591.5,0.06143,ink,traced
133715,117233,198.7017,1937.0,0.56021,faint,traced,2591.0,0.06248,ink,traced
133716,117234,198.7033,1938.0,0.56231,ink,traced,2589.5,0.06561,ink,traced
133717,117235,198.7049,1939.0,0.5644,ink,traced,2588.5,0.0677,ink,traced
133718,117236,198.7066,1941.0,0.5686,ink,traced,2586.5,0.07188,ink,traced
133719,117237,198.7082,1944.5,0.57594,ink,traced,2583.0,0.07919,ink,traced
133720,117238,198.7098,1946.5,0.58014,ink,traced,2581.0,0.08337,ink,traced
133721,117239,198.7115,1947.0,0.58119,ink,traced,2578.0,0.08964,ink,traced
133722,117240,198.7131,1949.0,0.58538,ink,traced,2576.5,0.09277,ink,traced
133723,117241,198.7147,1950.0,0.58748,ink,traced,2575.0,0.09591,ink,traced
133724,117242,198.7164,1950.0,0.58748,ink,traced,2572.5,0.10113,ink,traced
133725,117243,198.718,1949.0,0.58538,ink,traced,2570.5,0.10531,ink,traced
133726,117244,198.7196,1948.5,0.58433,ink,traced,2564.0,0.11888,ink,traced
133727,117245,198.7213,1947.5,0.58223,ink,traced,2564.5,0.11784,ink,traced
133728,117246,198.7229,1947.5,0.58223,ink,traced,2562.5,0.12202,ink,traced
133729,117247,198.7246,1947.5,0.58222,ink,traced,2562.0,0.12306,ink,traced
133730,117248,198.7262,1947.5,0.58222,ink,traced,2560.5,0.1262,ink,traced
133731,117249,198.7278,1947.5,0.58222,ink,traced,2555.5,0.13664,ink,traced
133732,117250,198.7295,1947.0,0.58117,ink,traced,2553.5,0.14082,ink,traced
133733,117251,198.7311,1946.5,0.58012,ink,traced,2551.5,0.145,ink,traced
133734,117252,198.7327,1946.0,0.57907,ink,traced,2547.0,0.1544,ink,traced
133735,117253,198.7344,1946.0,0.57907,ink,traced,2543.5,0.16171,ink,traced
133736,117254,198.736,1946.5,0.58012,ink,traced,2543.0,0.16276,ink,traced
133737,117255,198.7376,1946.5,0.58012,ink,traced,2539.5,0.17007,ink,traced
133738,117256,198.7393,1946.0,0.57906,ink,traced,2536.5,0.17633,ink,traced
133739,117257,198.7409,1946.0,0.57906,ink,traced,2533.0,0.18365,ink,traced
133740,117258,198.7425,1946.5,0.58011,ink,traced,2530.0,0.18991,ink,traced
133741,117259,198.7442,1946.5,0.58011,ink,traced,2528.5,0.19305,ink,traced
133742,117260,198.7458,1946.5,0.58011,ink,traced,2525.0,0.20036,ink,traced
133743,117261,198.7474,1946.5,0.58011,ink,traced,2522.5,0.20558,ink,traced
133744,117262,198.7491,1946.0,0.57906,ink,traced,2517.0,0.21707,ink,traced
133745,117263,198.7507,1945.5,0.57801,ink,traced,2517.0,0.21707,ink,traced
133746,117264,198.7523,1945.5,0.578,ink,traced,2514.0,0.22334,ink,traced
133747,117265,198.754,1945.5,0.578,ink,traced,2511.5,0.22856,ink,traced
133748,117266,198.7556,1945.5,0.578,ink,traced,2510.5,0.23065,ink,traced
133749,117267,198.7573,1946.5,0.5801,ink,traced,2507.0,0.23796,ink,traced
133750,117268,198.7589,1946.0,0.57905,ink,traced,2505.0,0.24214,ink,traced
133751,117269,198.7605,1945.5,0.578,ink,traced,2500.5,0.25154,ink,traced
133752,117270,198.7622,1946.0,0.57905,ink,traced,2498.0,0.25676,ink,traced
133753,117271,198.7638,1946.0,0.57904,ink,traced,2495.0,0.26303,ink,traced
133754,117272,198.7654,1946.0,0.57904,ink,traced,2491.0,0.27139,ink,traced
133755,117273,198.7671,1946.0,0.57904,ink,traced,2487.0,0.27974,ink,traced
133756,117274,198.7687,1946.0,0.57904,ink,traced,2486.5,0.28079,ink,traced
133757,117275,198.7703,1946.0,0.57904,ink,traced,2482.0,0.29019,ink,traced
133758,117276,198.772,1946.5,0.58009,ink,traced,2481.5,0.29123,ink,traced
133759,117277,198.7736,1947.0,0.58113,ink,traced,2476.5,0.30168,ink,traced
133760,117278,198.7752,1946.5,0.58008,ink,traced,2475.5,0.30377,ink,traced
133761,117279,198.7769,1946.5,0.58008,ink,traced,2472.5,0.31003,ink,traced
133762,117280,198.7785,1947.0,0.58113,ink,traced,2470.0,0.31526,ink,traced
133763,117281,198.7801,1947.0,0.58113,ink,traced,2466.0,0.32361,ink,traced
133764,117282,198.7818,1947.0,0.58113,ink,traced,2463.5,0.32884,ink,traced
133765,117283,198.7834,1947.0,0.58112,ink,traced,2461.0,0.33406,ink,traced
133766,117284,198.7851,1947.0,0.58112,ink,traced,2459.0,0.33824,ink,traced
133767,117285,198.7867,1947.0,0.58112,ink,traced,2453.5,0.34973,ink,traced
133768,117286,198.7883,1947.0,0.58112,ink,traced,2452.0,0.35286,ink,traced
133769,117287,198.79,1947.0,0.58112,ink,traced,2448.0,0.36122,ink,traced
133770,117288,198.7916,1947.5,0.58217,ink,traced,2445.5,0.36644,ink,traced
133771,117289,198.7932,1947.5,0.58216,ink,traced,2442.0,0.37375,ink,traced
133772,117290,198.7949,1947.5,0.58216,ink,traced,2441.0,0.37584,ink,traced
133773,117291,198.7965,1947.5,0.58216,ink,traced,2435.0,0.38837,ink,traced
133774,117292,198.7981,1947.5,0.58216,ink,traced,2436.5,0.38524,ink,traced
133775,117293,198.7998,1947.5,0.58216,ink,traced,2435.0,0.38838,ink,traced
133776,117294,198.8014,1948.0,0.58321,ink,traced,2429.5,0.39986,ink,traced
133777,117295,198.803,1947.5,0.58215,ink,traced,2427.0,0.40509,ink,traced
133778,117296,198.8047,1947.5,0.58215,ink,traced,2423.5,0.4124,ink,traced
133779,117297,198.8063,1947.5,0.58215,ink,traced,2421.5,0.41658,ink,traced
133780,117298,198.8079,1947.5,0.58215,ink,traced,2418.5,0.42284,ink,traced
133781,117299,198.8096,1948.0,0.5832,ink,traced,2412.0,0.43642,ink,traced
133782,117300,198.8112,1948.0,0.5832,ink,traced,2413.0,0.43433,ink,traced
133783,117301,198.8129,1948.5,0.58424,ink,traced,2406.0,0.44896,ink,traced
133784,117302,198.8145,1948.0,0.58319,ink,traced,2406.0,0.44896,ink,traced
133785,117303,198.8161,1949.0,0.58529,ink,traced,2402.0,0.45731,ink,traced
133786,117304,198.8178,1949.0,0.58529,ink,traced,2399.5,0.46254,ink,traced
133787,117305,198.8194,1949.0,0.58529,ink,traced,2397.0,0.46776,ink,traced
133788,117306,198.821,1949.0,0.58528,ink,traced,2395.0,0.47194,ink,traced
133789,117307,198.8227,1949.0,0.58528,ink,traced,2388.0,0.48656,ink,traced
133790,117308,198.8243,1949.5,0.58633,ink,traced,2385.0,0.49283,rule,traced
133791,117309,198.8259,1949.0,0.58528,ink,traced,2388.0,0.48656,ink,traced
133792,117310,198.8276,1949.0,0.58528,ink,traced,2376.0,0.51185,rule,traced
133793,117311,198.8292,1949.0,0.58528,ink,traced,2379.5,0.5044,rule,traced
133794,117312,198.8308,1949.0,0.58528,ink,traced,2379.0,0.50547,rule,traced
133795,117313,198.8325,1949.5,0.58632,ink,traced,2367.0,0.53101,ink,traced
133796,117314,198.8341,1949.5,0.58632,ink,traced,2368.0,0.52888,ink,traced
133797,117315,198.8357,1949.5,0.58632,ink,traced,2364.0,0.53739,ink,traced
133798,117316,198.8374,1949.5,0.58632,ink,traced,2358.0,0.55016,ink,traced
133799,117317,198.839,1949.0,0.58527,ink,traced,2358.0,0.55017,ink,traced
133800,117318,198.8407,1949.0,0.58527,ink,traced,2350.0,0.56719,ink,traced
133801,117319,198.8423,1949.0,0.58526,ink,traced,2349.0,0.56932,ink,traced
133802,117320,198.8439,1950.0,0.58736,ink,traced,2344.0,0.57997,ink,traced
133803,117321,198.8456,1949.5,0.58631,ink,traced,2343.0,0.5821,ink,traced
133804,117322,198.8472,1950.0,0.58736,ink,traced,2339.5,0.58955,ink,traced
133805,117323,198.8488,1950.0,0.58736,ink,traced,2333.0,0.60338,ink,traced
133806,117324,198.8505,1950.0,0.58736,ink,traced,2333.5,0.60232,ink,traced
133807,117325,198.8521,1950.0,0.58735,ink,traced,2330.0,0.60977,ink,traced
133808,117326,198.8537,1950.0,0.58735,ink,traced,2327.5,0.61509,ink,traced
133809,117327,198.8554,1950.0,0.58735,ink,traced,2320.0,0.63106,ink,traced
133810,117328,198.857,1950.0,0.58735,ink,traced,2320.0,0.63106,ink,traced
133811,117329,198.8586,1950.5,0.5884,ink,traced,2315.5,0.64064,ink,traced
133812,117330,198.8603,1950.5,0.5884,ink,traced,2313.5,0.64489,ink,traced
133813,117331,198.8619,1950.5,0.58839,ink,traced,2309.5,0.65341,ink,traced
133814,117332,198.8635,1950.5,0.58839,ink,traced,2306.5,0.6598,ink,traced
133815,117333,198.8652,1950.5,0.58839,ink,traced,2302.0,0.66937,ink,traced
133816,117334,198.8668,1951.0,0.58944,ink,traced,2300.5,0.67257,ink,traced
133817,117335,198.8685,1951.0,0.58944,ink,traced,2298.0,0.67789,ink,traced
133818,117336,198.8701,1950.5,0.58839,ink,traced,2296.5,0.68109,ink,traced
133819,117337,198.8717,1950.5,0.58838,ink,traced,2295.0,0.68428,ink,traced
133820,117338,198.8734,1951.0,0.58943,ink,traced,2295.5,0.68322,ink,traced
133821,117339,198.875,1950.5,0.58838,ink,traced,2295.0,0.68428,ink,traced
133822,117340,198.8766,1951.0,0.58943,ink,traced,2302.0,0.66939,ink,traced
133823,117341,198.8783,1951.0,0.58943,ink,traced,2309.0,0.65449,ink,traced
133824,117342,198.8799,1951.5,0.59048,ink,traced,2310.0,0.65236,ink,traced
133825,117343,198.8815,1951.5,0.59047,ink,traced,2317.0,0.63747,ink,traced
133826,117344,198.8832,1952.5,0.59257,ink,traced,2320.0,0.63108,ink,traced
133827,117345,198.8848,1951.5,0.59047,ink,traced,2326.0,0.61832,ink,traced
133828,117346,198.8864,1952.0,0.59152,ink,traced,2338.5,0.59171,ink,traced
133829,117347,198.8881,1951.5,0.59047,ink,traced,2343.0,0.58214,ink,traced
133830,117348,198.8897,1951.5,0.59047,ink,traced,2343.0,0.58214,ink,traced
133831,117349,198.8913,1951.5,0.59046,ink,traced,2351.0,0.56511,ink,traced
133832,117350,198.893,1952.5,0.59256,ink,traced,2360.0,0.54596,ink,traced
133833,117351,198.8946,1952.5,0.59256,ink,traced,2364.0,0.53745,ink,traced
133834,117352,198.8963,1952.0,0.59151,ink,traced,2368.0,0.52894,ink,traced
133835,117353,198.8979,1952.0,0.59151,ink,traced,2368.0,0.52894,ink,traced
133836,117354,198.8995,1952.5,0.59255,ink,traced,2389.0,0.48454,ink,traced
133837,117355,198.9012,1952.0,0.5915,ink,traced,2393.0,0.47619,ink,traced
133838,117356,198.9028,1952.5,0.59255,ink,traced,2393.0,0.47619,ink,traced
133839,117357,198.9044,1952.5,0.59255,ink,traced,2414.0,0.43233,ink,traced
133840,117358,198.9061,1952.0,0.5915,ink,traced,2418.0,0.42398,ink,traced
133841,117359,198.9077,1952.5,0.59255,ink,traced,2418.0,0.42398,ink,traced
133842,117360,198.9093,1952.0,0.5915,ink,traced,2439.0,0.38012,ink,traced
133843,117361,198.911,1952.5,0.59254,ink,traced,2443.0,0.37177,ink,traced
133844,117362,198.9126,1952.0,0.59149,ink,traced,2443.0,0.37177,ink,traced
133845,117363,198.9142,1953.5,0.59464,ink,traced,2481.0,0.29241,ink,traced
133846,117364,198.9159,1953.0,0.59359,ink,traced,2486.0,0.28197,ink,traced
133847,117365,198.9175,1953.0,0.59359,ink,traced,2489.0,0.27571,ink,traced
133848,117366,198.9191,1952.5,0.59254,ink,traced,2503.0,0.24647,ink,traced
133849,117367,198.9208,1952.5,0.59253,ink,traced,2508.5,0.23498,ink,traced
133850,117368,198.9224,1953.0,0.59358,ink,traced,2520.0,0.21097,ink,traced
133851,117369,198.9241,1953.5,0.59463,ink,traced,2531.0,0.18799,ink,traced
133852,117370,198.9257,1953.0,0.59358,ink,traced,2543.0,0.16293,ink,traced
133853,117371,198.9273,1953.0,0.59358,ink,traced,2546.0,0.15667,ink,traced
133854,117372,198.929,1953.5,0.59463,ink,traced,2554.5,0.13892,ink,traced
133855,117373,198.9306,1953.5,0.59462,ink,traced,2562.0,0.12326,ink,traced
133856,117374,198.9322,1953.5,0.59462,ink,traced,2568.0,0.11073,ink,traced
133857,117375,198.9339,1953.0,0.59357,ink,traced,2576.0,0.09402,ink,traced
133858,117376,198.9355,1953.5,0.59462,ink,traced,2586.0,0.07313,ink,traced
133859,117377,198.9371,1953.5,0.59462,ink,traced,2588.0,0.06896,ink,traced
133860,117378,198.9388,1954.0,0.59567,ink,traced,2598.5,0.04703,ink,traced
133861,117379,198.9404,1954.0,0.59566,ink,traced,2599.0,0.04599,ink,traced
133862,117380,198.942,1954.5,0.59671,ink,traced,2601.0,0.04181,ink,traced
133863,117381,198.9437,1954.5,0.59671,ink,traced,2602.0,0.03973,ink,traced
133864,117382,198.9453,1955.5,0.59881,ink,traced,2603.5,0.03659,ink,traced
133865,117383,198.9469,1955.0,0.59776,ink,traced,2604.5,0.03451,ink,traced
133866,117384,198.9486,1953.5,0.59461,ink,traced,2605.0,0.03347,ink,traced
133867,117385,198.9502,1955.0,0.59775,ink,traced,2606.0,0.03138,ink,traced
133868,117386,198.9518,1955.0,0.59775,ink,traced,2606.0,0.03138,ink,traced
133869,117387,198.9535,1955.0,0.59775,ink,traced,2606.0,0.03138,ink,traced
133870,117388,198.9551,1955.0,0.59775,ink,traced,2605.5,0.03243,ink,traced
133871,117389,198.9568,1955.5,0.5988,ink,traced,2605.0,0.03347,ink,traced
133872,117390,198.9584,1955.0,0.59775,ink,traced,2605.0,0.03347,ink,traced
133873,117391,198.96,1954.5,0.59669,ink,traced,2605.0,0.03348,ink,traced
133874,117392,198.9617,1955.0,0.59774,ink,traced,2604.5,0.03452,ink,traced
133875,117393,198.9633,1955.5,0.59879,ink,traced,2604.0,0.03557,ink,traced
133876,117394,198.9649,1955.0,0.59774,ink,traced,2603.0,0.03766,ink,traced
133877,117395,198.9666,1955.0,0.59774,ink,traced,2601.0,0.04184,ink,traced
133878,117396,198.9682,1955.0,0.59774,ink,traced,2599.5,0.04497,ink,traced
133879,117397,198.9698,1955.0,0.59773,ink,traced,2598.5,0.04706,ink,traced
133880,117398,198.9715,1955.0,0.59773,ink,traced,2595.5,0.05333,ink,traced
133881,117399,198.9731,1954.0,0.59563,ink,traced,2594.5,0.05542,ink,traced
133882,117400,198.9747,1955.0,0.59773,ink,traced,2593.0,0.05855,ink,traced
133883,117401,198.9764,1955.5,0.59878,ink,traced,2591.5,0.06169,ink,traced
133884,117402,198.978,1955.5,0.59878,ink,traced,2588.5,0.06795,ink,traced
133885,117403,198.9796,1956.0,0.59982,ink,traced,2588.0,0.069,ink,traced
133886,117404,198.9813,1956.5,0.60087,ink,traced,2586.5,0.07213,ink,traced
133887,117405,198.9829,1956.5,0.60087,ink,traced,2585.0,0.07527,ink,traced
133888,117406,198.9846,1956.5,0.60087,ink,traced,2584.0,0.07736,ink,traced
133889,117407,198.9862,1956.0,0.59982,ink,traced,2582.5,0.08049,ink,traced
133890,117408,198.9878,1956.5,0.60086,ink,traced,2581.5,0.08258,ink,traced
133891,117409,198.9895,1956.5,0.60086,ink,traced,2575.0,0.09616,ink,traced
133892,117410,198.9911,1956.5,0.60086,ink,traced,2576.0,0.09407,ink,traced
133893,117411,198.9927,1957.0,0.60191,ink,traced,2575.0,0.09616,ink,traced
133894,117412,198.9944,1957.0,0.60191,ink,traced,2572.0,0.10243,ink,traced
133895,117413,198.996,1957.0,0.60191,ink,traced,2569.0,0.1087,ink,traced
133896,117414,198.9976,1956.5,0.60086,ink,traced,2566.0,0.11496,ink,traced
133897,117415,198.9993,1959.0,0.6061,ink,traced,2563.5,0.12019,ink,traced
133898,117416,199.0009,1956.5,0.60085,ink,traced,2561.5,0.12437,ink,traced
133899,117417,199.0025,1956.5,0.60085,ink,traced,2560.0,0.1275,ink,traced
133900,117418,199.0042,1956.5,0.60085,ink,traced,2556.5,0.13481,ink,traced
133901,117419,199.0058,1957.0,0.6019,ink,traced,2555.0,0.13795,ink,traced
133902,117420,199.0074,1959.0,0.60609,ink,traced,2553.0,0.14212,ink,traced
133903,117421,199.0091,1957.0,0.60189,ink,traced,2551.5,0.14526,ink,traced
133904,117422,199.0107,1957.0,0.60189,ink,traced,2549.0,0.15048,ink,traced
133905,117423,199.0124,1957.5,0.60294,ink,traced,2547.0,0.15466,ink,traced
133906,117424,199.014,1957.5,0.60294,ink,traced,2545.5,0.15779,ink,traced
133907,117425,199.0156,1957.0,0.60189,ink,traced,2537.0,0.17555,ink,traced
133908,117426,199.0173,1957.5,0.60294,ink,traced,2536.5,0.17659,ink,traced
133909,117427,199.0189,1957.0,0.60188,ink,traced,2536.0,0.17764,ink,traced
133910,117428,199.0205,1958.0,0.60398,ink,traced,2532.5,0.18495,ink,traced
133911,117429,199.0222,1957.5,0.60293,ink,traced,2527.0,0.19644,ink,traced
133912,117430,199.0238,1958.0,0.60398,ink,traced,2527.0,0.19644,ink,traced
133913,117431,199.0254,1957.5,0.60293,ink,traced,2525.0,0.20062,ink,traced
133914,117432,199.0271,1957.5,0.60293,ink,traced,2519.0,0.21315,ink,traced
133915,117433,199.0287,1957.5,0.60292,ink,traced,2518.5,0.2142,ink,traced
133916,117434,199.0303,1957.5,0.60292,ink,traced,2519.0,0.21316,ink,traced
133917,117435,199.032,1958.5,0.60502,ink,traced,2516.0,0.21942,ink,traced
133918,117436,199.0336,1957.5,0.60292,ink,traced,2513.0,0.22569,ink,traced
133919,117437,199.0352,1958.0,0.60397,ink,traced,2511.5,0.22882,ink,traced
133920,117438,199.0369,1957.5,0.60292,ink,traced,2509.0,0.23405,ink,traced
133921,117439,199.0385,1958.0,0.60396,ink,traced,2505.5,0.24136,ink,traced
133922,117440,199.0402,1958.0,0.60396,ink,traced,2502.5,0.24763,ink,traced
133923,117441,199.0418,1958.5,0.60501,ink,traced,2499.0,0.25494,ink,traced
133924,117442,199.0434,1959.0,0.60606,ink,traced,2498.0,0.25703,ink,traced
133925,117443,199.0451,1958.5,0.60501,ink,traced,2495.0,0.2633,ink,traced
133926,117444,199.0467,1959.0,0.60606,ink,traced,2487.5,0.27896,ink,traced
133927,117445,199.0483,1958.0,0.60396,ink,traced,2487.5,0.27896,ink,traced
133928,117446,199.05,1958.5,0.605,ink,traced,2485.5,0.28314,ink,traced
133929,117447,199.0516,1959.0,0.60605,ink,traced,2479.5,0.29567,ink,traced
133930,117448,199.0532,1958.5,0.605,ink,traced,2480.5,0.29359,ink,traced
133931,117449,199.0549,1958.5,0.605,ink,traced,2478.0,0.29881,ink,traced
133932,117450,199.0565,1958.5,0.605,ink,traced,2475.5,0.30403,ink,traced
133933,117451,199.0581,1961.0,0.61024,ink,traced,2473.0,0.30926,ink,traced
133934,117452,199.0598,1959.0,0.60604,ink,traced,2470.0,0.31552,ink,traced
133935,117453,199.0614,1958.5,0.60499,ink,traced,2468.0,0.3197,ink,traced
133936,117454,199.063,1959.0,0.60604,ink,traced,2466.0,0.32388,ink,traced
133937,117455,199.0647,1959.5,0.60709,ink,traced,2461.5,0.33328,ink,traced
133938,117456,199.0663,1959.0,0.60604,ink,traced,2458.5,0.33955,ink,traced
133939,117457,199.068,1960.5,0.60918,ink,traced,2455.0,0.34686,ink,traced
133940,117458,199.0696,1960.0,0.60813,ink,traced,2452.0,0.35313,ink,traced
133941,117459,199.0712,1961.0,0.61023,ink,traced,2445.0,0.36775,ink,traced
133942,117460,199.0729,1959.0,0.60603,ink,traced,2444.0,0.36984,ink,traced
133943,117461,199.0745,1959.5,0.60708,ink,traced,2442.5,0.37297,ink,traced
133944,117462,199.0761,1960.0,0.60813,ink,traced,2438.0,0.38237,ink,traced
133945,117463,199.0778,1960.0,0.60812,ink,traced,2437.0,0.38446,ink,traced
133946,117464,199.0794,1960.0,0.60812,ink,traced,2432.0,0.39491,ink,traced
133947,117465,199.081,1959.5,0.60707,ink,traced,2428.0,0.40326,ink,traced
133948,117466,199.0827,1962.0,0.61232,ink,traced,2428.0,0.40326,ink,traced
133949,117467,199.0843,1960.5,0.60917,ink,traced,2425.0,0.40953,ink,traced
133950,117468,199.0859,1960.5,0.60917,ink,traced,2422.5,0.41475,ink,traced
133951,117469,199.0876,1962.0,0.61231,ink,traced,2417.5,0.4252,ink,traced
133952,117470,199.0892,1960.5,0.60916,ink,traced,2415.5,0.42938,ink,traced
133953,117471,199.0908,1961.0,0.61021,ink,traced,2409.0,0.44295,ink,traced
133954,117472,199.0925,1960.5,0.60916,ink,traced,2407.0,0.44713,ink,traced
133955,117473,199.0941,1962.0,0.61231,ink,traced,2404.5,0.45235,ink,traced
133956,117474,199.0958,1960.5,0.60916,ink,traced,2399.5,0.4628,ink,traced
133957,117475,199.0974,1962.0,0.6123,ink,traced,2397.0,0.46802,ink,traced
133958,117476,199.099,1960.5,0.60915,ink,traced,2396.0,0.47011,ink,traced
133959,117477,199.1007,1960.5,0.60915,ink,traced,2388.0,0.48682,ink,traced
133960,117478,199.1023,1961.0,0.6102,ink,traced,2384.0,0.49518,rule,traced
133961,117479,199.1039,1961.0,0.6102,ink,traced,2387.0,0.48891,rule,traced
133962,117480,199.1056,1961.0,0.6102,ink,traced,2375.0,0.51424,ink,traced
133963,117481,199.1072,1960.5,0.60915,ink,traced,2374.0,0.51637,ink,traced
133964,117482,199.1088,1960.5,0.60914,ink,traced,2372.0,0.52063,ink,traced
133965,117483,199.1105,1961.0,0.61019,ink,traced,2370.5,0.52382,ink,traced
133966,117484,199.1121,1961.0,0.61019,ink,traced,2367.5,0.53021,ink,traced
133967,117485,199.1137,1961.0,0.61019,ink,traced,2361.5,0.54298,ink,traced
133968,117486,199.1154,1961.0,0.61019,ink,traced,2359.5,0.54724,ink,traced
133969,117487,199.117,1961.5,0.61123,ink,traced,2357.0,0.55256,ink,traced
133970,117488,199.1186,1961.0,0.61018,ink,traced,2352.0,0.56321,ink,traced
133971,117489,199.1203,1961.0,0.61018,ink,traced,2348.5,0.57066,ink,traced
133972,117490,199.1219,1960.5,0.60913,ink,traced,2344.0,0.58023,ink,traced
133973,117491,199.1236,1961.5,0.61123,ink,traced,2340.0,0.58875,ink,traced
133974,117492,199.1252,1961.5,0.61123,ink,traced,2337.0,0.59514,ink,traced
133975,117493,199.1268,1961.5,0.61123,ink,traced,2333.5,0.60259,ink,traced
133976,117494,199.1285,1961.5,0.61122,ink,traced,2331.5,0.60684,ink,traced
133977,117495,199.1301,1961.5,0.61122,ink,traced,2329.0,0.61217,ink,traced
133978,117496,199.1317,1961.5,0.61122,ink,traced,2324.5,0.62175,ink,traced
133979,117497,199.1334,1961.5,0.61122,ink,traced,2320.5,0.63026,ink,traced
133980,117498,199.135,1961.5,0.61122,ink,traced,2320.5,0.63026,ink,traced
133981,117499,199.1366,1961.0,0.61017,ink,traced,2311.0,0.65048,ink,traced
133982,117500,199.1383,1961.5,0.61121,ink,traced,2308.5,0.6558,ink,traced
133983,117501,199.1399,1962.0,0.61226,ink,traced,2303.0,0.66751,ink,traced
133984,117502,199.1415,1962.0,0.61226,ink,traced,2300.0,0.6739,ink,traced
133985,117503,199.1432,1961.5,0.61121,ink,traced,2298.5,0.67709,ink,traced
133986,117504,199.1448,1961.5,0.61121,ink,traced,2297.5,0.67922,ink,traced
133987,117505,199.1464,1961.0,0.61016,ink,traced,2296.0,0.68242,ink,traced
133988,117506,199.1481,1962.0,0.61225,ink,traced,2289.0,0.69731,ink,traced
133989,117507,199.1497,1962.0,0.61225,ink,traced,2288.0,0.69944,ink,traced
133990,117508,199.1514,1962.0,0.61225,ink,traced,2285.0,0.70583,ink,traced
133991,117509,199.153,1962.5,0.6133,ink,traced,2284.5,0.7069,ink,traced
133992,117510,199.1546,1962.5,0.6133,ink,traced,2283.0,0.71009,ink,traced
133993,117511,199.1563,1963.0,0.61435,ink,traced,2282.0,0.71222,ink,traced
133994,117512,199.1579,1965.0,0.61854,ink,traced,2281.0,0.71435,ink,traced
133995,117513,199.1595,1963.0,0.61434,ink,traced,2280.0,0.71648,ink,traced
133996,117514,199.1612,1963.0,0.61434,ink,traced,2280.0,0.71648,ink,traced
133997,117515,199.1628,1962.5,0.61329,ink,traced,2281.0,0.71435,ink,traced
133998,117516,199.1644,1962.5,0.61329,ink,traced,2281.5,0.71329,ink,traced
133999,117517,199.1661,1963.5,0.61538,ink,traced,2281.5,0.71329,ink,traced
134000,117518,199.1677,1963.5,0.61538,ink,traced,2281.5,0.7133,ink,traced
134001,117519,199.1693,1962.5,0.61328,ink,traced,2281.5,0.7133,ink,traced
134002,117520,199.171,1963.0,0.61433,ink,traced,2282.0,0.71223,ink,traced
134003,117521,199.1726,1963.0,0.61433,ink,traced,2282.0,0.71224,ink,traced
134004,117522,199.1742,1963.5,0.61538,ink,traced,2282.5,0.71117,ink,traced
134005,117523,199.1759,1962.5,0.61328,ink,traced,2282.5,0.71117,ink,traced
134006,117524,199.1775,1962.5,0.61328,ink,traced,2283.0,0.71011,ink,traced
134007,117525,199.1791,1963.5,0.61537,ink,traced,2283.0,0.71011,ink,traced
134008,117526,199.1808,1963.5,0.61537,ink,traced,2283.0,0.71012,ink,traced
134009,117527,199.1824,1963.0,0.61432,ink,traced,2283.5,0.70905,ink,traced
134010,117528,199.1841,1963.0,0.61432,ink,traced,2284.0,0.70799,ink,traced
134011,117529,199.1857,1963.0,0.61432,ink,traced,2284.0,0.70799,ink,traced
134012,117530,199.1873,1964.0,0.61641,ink,traced,2284.0,0.70799,ink,traced
134013,117531,199.189,1964.0,0.61641,ink,traced,2284.0,0.708,ink,traced
134014,117532,199.1906,1963.0,0.61431,ink,traced,2284.5,0.70693,ink,traced
134015,117533,199.1922,1963.5,0.61536,ink,traced,2283.5,0.70906,ink,traced
134016,117534,199.1939,1963.5,0.61536,ink,traced,2284.0,0.708,ink,traced
134017,117535,199.1955,1963.5,0.61536,ink,traced,2284.5,0.70694,ink,traced
134018,117536,199.1971,1963.0,0.61431,ink,traced,2284.5,0.70694,ink,traced
134019,117537,199.1988,1963.5,0.61535,ink,traced,2284.5,0.70694,ink,traced
134020,117538,199.2004,1963.5,0.61535,ink,traced,2284.5,0.70694,ink,traced
134021,117539,199.202,1963.5,0.61535,ink,traced,2284.5,0.70694,ink,traced
134022,117540,199.2037,1964.0,0.6164,ink,traced,2285.0,0.70588,ink,traced
134023,117541,199.2053,1964.0,0.6164,ink,traced,2284.5,0.70695,ink,traced
134024,117542,199.2069,1964.0,0.6164,ink,traced,2284.5,0.70695,ink,traced
134025,117543,199.2086,1964.0,0.61639,ink,traced,2284.5,0.70695,ink,traced
134026,117544,199.2102,1964.0,0.61639,ink,traced,2285.0,0.70589,ink,traced
134027,117545,199.2119,1964.0,0.61639,ink,traced,2284.0,0.70802,ink,traced
134028,117546,199.2135,1964.0,0.61639,ink,traced,2283.0,0.71015,ink,traced
134029,117547,199.2151,1965.0,0.61849,ink,traced,2282.0,0.71228,ink,traced
134030,117548,199.2168,1966.0,0.62058,ink,traced,2279.5,0.7176,ink,traced
134031,117549,199.2184,1968.0,0.62478,ink,traced,2275.5,0.72611,ink,traced
134032,117550,199.22,1973.0,0.63527,ink,traced,2273.0,0.73144,ink,traced
134033,117551,199.2217,1976.0,0.64156,ink,traced,2268.5,0.74101,ink,traced
134034,117552,199.2233,1979.5,0.64891,ink,traced,2265.5,0.7474,ink,traced
134035,117553,199.2249,1989.0,0.66884,ink,traced,2263.0,0.75272,ink,traced
134036,117554,199.2266,1993.5,0.67828,ink,traced,2259.0,0.76124,ink,traced
134037,117555,199.2282,1993.0,0.67723,ink,traced,2255.0,0.76975,ink,traced
134038,117556,199.2298,1997.0,0.68562,ink,traced,2252.0,0.77614,ink,traced
134039,117557,199.2315,2003.0,0.69821,ink,traced,2248.0,0.78465,ink,traced
134040,117558,199.2331,2007.0,0.7066,ink,traced,2245.0,0.79104,ink,traced
134041,117559,199.2347,2010.5,0.71395,ink,traced,2244.0,0.79317,ink,traced
134042,117560,199.2364,2014.5,0.72234,ink,traced,2239.5,0.80275,ink,traced
134043,117561,199.238,2017.0,0.72758,ink,traced,2234.0,0.81446,ink,traced
134044,117562,199.2397,2020.5,0.73493,ink,traced,2230.0,0.82297,ink,traced
134045,117563,199.2413,2022.0,0.73807,ink,traced,2229.0,0.8251,ink,traced
134046,117564,199.2429,2028.0,0.75066,ink,traced,2223.0,0.83787,ink,traced
134047,117565,199.2446,2028.5,0.75171,ink,traced,2223.0,0.83787,ink,traced
134048,117566,199.2462,2033.5,0.7622,ink,traced,2219.5,0.84532,ink,traced
134049,117567,199.2478,2033.0,0.76115,ink,traced,2216.0,0.85277,ink,traced
134050,117568,199.2495,2039.5,0.77479,ink,traced,2214.0,0.85703,ink,traced
134051,117569,199.2511,2045.0,0.78633,ink,traced,2205.0,0.87619,ink,traced
134052,117570,199.2527,2048.5,0.79367,ink,traced,2208.0,0.8698,ink,traced
134053,117571,199.2544,2049.0,0.79472,ink,traced,2206.0,0.87406,ink,traced
134054,117572,199.256,2054.5,0.80626,ink,traced,2201.5,0.88364,ink,traced
134055,117573,199.2576,2059.0,0.8157,ink,traced,2196.0,0.89535,ink,traced
134056,117574,199.2593,2058.0,0.8136,ink,traced,2194.0,0.89961,ink,traced
134057,117575,199.2609,2062.0,0.82199,ink,traced,2190.0,0.90812,ink,traced
134058,117576,199.2625,2067.5,0.83353,ink,traced,2187.0,0.91451,ink,traced
134059,117577,199.2642,2066.5,0.83143,ink,traced,2185.5,0.9177,ink,traced
134060,117578,199.2658,2070.0,0.83877,ink,traced,2184.0,0.9209,ink,traced
134061,117579,199.2675,2072.5,0.84402,ink,traced,2179.5,0.93047,ink,traced
134062,117580,199.2691,2074.5,0.84821,ink,traced,2176.0,0.93793,ink,traced
134063,117581,199.2707,2080.0,0.85975,ink,traced,2172.0,0.94644,ink,traced
134064,117582,199.2724,2080.5,0.8608,ink,traced,2172.0,0.94644,ink,traced
134065,117583,199.274,2084.0,0.86814,ink,traced,2171.0,0.94857,ink,traced
134066,117584,199.2756,2085.0,0.87024,ink,traced,2167.0,0.95709,ink,traced
134067,117585,199.2773,2088.0,0.87653,ink,traced,2167.5,0.95602,ink,traced
134068,117586,199.2789,2088.0,0.87653,ink,traced,2165.5,0.96028,ink,traced
134069,117587,199.2805,2091.0,0.88283,ink,traced,2166.0,0.95922,ink,traced
134070,117588,199.2822,2092.0,0.88492,ink,traced,2164.0,0.96348,ink,traced
134071,117589,199.2838,2092.0,0.88492,ink,traced,2165.5,0.96029,ink,traced
134072,117590,199.2854,2097.0,0.89541,ink,traced,2168.0,0.95497,ink,traced
134073,117591,199.2871,2097.0,0.89541,ink,traced,2166.5,0.95816,ink,traced
134074,117592,199.2887,2097.0,0.89541,ink,traced,2165.5,0.96029,ink,traced
134075,117593,199.2903,2099.0,0.8996,faint,traced,2169.0,0.95284,ink,traced
134076,117594,199.292,2100.0,0.9017,ink,traced,2167.5,0.95604,ink,traced
134077,117595,199.2936,2100.0,0.9017,ink,traced,2166.5,0.95817,ink,traced
134078,117596,199.2953,2100.0,0.9017,ink,traced,2167.0,0.9571,ink,traced
134079,117597,199.2969,2099.0,0.8996,ink,traced,2169.5,0.95179,ink,traced
134080,117598,199.2985,2099.0,0.8996,ink,traced,2166.5,0.95817,ink,traced
134081,117599,199.3002,2099.0,0.8996,ink,traced,2167.5,0.95605,ink,traced
134082,117600,199.3018,2100.0,0.90169,ink,traced,2168.0,0.95498,ink,traced
134083,117601,199.3034,2100.0,0.90169,ink,traced,2168.0,0.95498,ink,traced
134084,117602,199.3051,2100.0,0.90169,ink,traced,2168.5,0.95392,ink,traced
134085,117603,199.3067,2102.0,0.90588,ink,traced,2168.5,0.95392,ink,traced
134086,117604,199.3083,2102.5,0.90693,ink,traced,2167.5,0.95605,ink,traced
134087,117605,199.31,2100.5,0.90273,ink,traced,2168.0,0.95499,ink,traced
134088,117606,199.3116,2102.5,0.90693,ink,traced,2168.5,0.95393,ink,traced
134089,117607,199.3132,2100.0,0.90168,ink,traced,2169.0,0.95287,ink,traced
134090,117608,199.3149,2100.0,0.90168,ink,traced,2168.5,0.95393,ink,traced
134091,117609,199.3165,2104.0,0.91007,ink,traced,2168.5,0.95393,ink,traced
134092,117610,199.3181,2103.5,0.90902,ink,traced,2168.5,0.95393,ink,traced
134093,117611,199.3198,2104.5,0.91112,ink,traced,2169.0,0.95287,ink,traced
134094,117612,199.3214,2103.0,0.90797,ink,traced,2169.0,0.95287,ink,traced
134095,117613,199.3231,2103.5,0.90902,ink,traced,2169.0,0.95288,ink,traced
134096,117614,199.3247,2104.0,0.91006,ink,traced,2168.5,0.95394,ink,traced
134097,117615,199.3263,2105.0,0.91216,ink,traced,2168.0,0.95501,ink,traced
134098,117616,199.328,2104.5,0.91111,ink,traced,2168.5,0.95394,ink,traced
134099,117617,199.3296,2104.5,0.91111,ink,traced,2168.5,0.95395,ink,traced
134100,117618,199.3312,2103.0,0.90796,ink,traced,2168.5,0.95395,ink,traced
134101,117619,199.3329,2104.0,0.91006,ink,traced,2169.0,0.95288,ink,traced
134102,117620,199.3345,2102.0,0.90586,ink,traced,2169.0,0.95289,ink,traced
134103,117621,199.3361,2101.5,0.90481,ink,traced,2169.0,0.95289,ink,traced
134104,117622,199.3378,2105.0,0.91215,ink,traced,2169.0,0.95289,ink,traced
134105,117623,199.3394,2105.0,0.91215,ink,traced,2169.0,0.95289,ink,traced
134106,117624,199.341,2105.0,0.91215,ink,traced,2168.5,0.95396,ink,traced
134107,117625,199.3427,2104.5,0.9111,ink,traced,2168.5,0.95396,ink,traced
134108,117626,199.3443,2105.5,0.91319,ink,traced,2168.5,0.95396,ink,traced
134109,117627,199.3459,2102.5,0.9069,ink,traced,2169.5,0.95183,ink,traced
134110,117628,199.3476,2103.5,0.90899,ink,traced,2168.5,0.95396,ink,traced
134111,117629,199.3492,2103.5,0.90899,ink,traced,2168.5,0.95396,ink,traced
134112,117630,199.3509,2103.5,0.90899,ink,traced,2169.0,0.9529,ink,traced
134113,117631,199.3525,2103.5,0.90899,ink,traced,2169.0,0.9529,ink,traced
134114,117632,199.3541,2104.0,0.91004,ink,traced,2169.0,0.95291,ink,traced
134115,117633,199.3558,2104.0,0.91003,ink,traced,2169.0,0.95291,ink,traced
134116,117634,199.3574,2104.0,0.91003,ink,traced,2168.5,0.95397,ink,traced
134117,117635,199.359,2104.0,0.91003,ink,traced,2169.0,0.95291,ink,traced
134118,117636,199.3607,2104.0,0.91003,ink,traced,2169.5,0.95185,ink,traced
134119,117637,199.3623,2104.5,0.91108,ink,traced,2169.0,0.95291,ink,traced
134120,117638,199.3639,2104.5,0.91108,ink,traced,2169.0,0.95291,ink,traced
134121,117639,199.3656,2104.5,0.91107,ink,traced,2169.0,0.95292,ink,traced
134122,117640,199.3672,2105.0,0.91212,ink,traced,2174.0,0.94228,ink,traced
134123,117641,199.3688,2105.0,0.91212,ink,traced,2176.0,0.93802,ink,traced
134124,117642,199.3705,2105.0,0.91212,ink,traced,2177.0,0.93589,ink,traced
134125,117643,199.3721,2105.5,0.91317,ink,traced,2179.0,0.93164,ink,traced
134126,117644,199.3737,2105.5,0.91317,ink,traced,2185.0,0.91887,ink,traced
134127,117645,199.3754,2104.5,0.91107,ink,traced,2190.0,0.90823,ink,traced
134128,117646,199.377,2096.0,0.89323,ink,traced,2195.5,0.89653,ink,traced
134129,117647,199.3787,2092.0,0.88483,ink,traced,2204.0,0.87844,ink,traced
134130,117648,199.3803,2089.0,0.87854,ink,traced,2213.0,0.85929,ink,traced
134131,117649,199.3819,2077.5,0.8544,ink,traced,2216.0,0.8529,ink,traced
134132,117650,199.3836,2070.0,0.83866,ink,traced,2228.0,0.82737,ink,traced
134133,117651,199.3852,2064.0,0.82607,ink,traced,2235.0,0.81247,ink,traced
134134,117652,199.3868,2054.0,0.80508,ink,traced,2248.0,0.7848,ink,traced
134135,117653,199.3885,2054.5,0.80613,ink,traced,2261.0,0.75714,ink,traced
134136,117654,199.3901,2040.5,0.77675,ink,traced,2272.0,0.73373,ink,traced
134137,117655,199.3917,2030.0,0.75472,ink,traced,2281.0,0.71458,ink,traced
134138,117656,199.3934,2015.5,0.72429,ink,traced,2287.0,0.70181,ink,traced
134139,117657,199.395,2015.0,0.72324,ink,traced,2305.0,0.6635,ink,traced
134140,117658,199.3966,1981.0,0.65189,faint,traced,2318.5,0.63477,ink,traced
134141,117659,199.3983,1976.0,0.6414,ink,traced,2335.0,0.59965,ink,traced
134142,117660,199.3999,1976.0,0.64139,ink,traced,2339.0,0.59114,ink,traced
134143,117661,199.4015,1931.0,0.54696,faint,traced,2343.0,0.58263,ink,traced
134144,117662,199.4032,1931.0,0.54696,ink,traced,2342.5,0.5837,ink,traced
134145,117663,199.4048,1921.0,0.52597,ink,traced,2414.0,0.43281,ink,traced
134146,117664,199.4064,1899.0,0.47959,faint,traced,2418.0,0.42445,ink,traced
134147,117665,199.4081,1902.0,0.48595,faint,traced,2418.0,0.42446,ink,traced
134148,117666,199.4097,1878.0,0.43504,faint,traced,2439.0,0.3806,ink,traced
134149,117667,199.4114,1853.0,0.382,faint,traced,2468.0,0.32003,ink,traced
134150,117668,199.413,1844.0,0.36291,ink,traced,2468.0,0.32003,ink,traced
134151,117669,199.4146,1828.0,0.32897,ink,traced,2489.0,0.27618,ink,traced
134152,117670,199.4163,1816.0,0.30351,ink,traced,2511.0,0.23023,ink,traced
134153,117671,199.4179,1771.0,0.20805,ink,traced,2524.0,0.20308,ink,traced
134154,117672,199.4195,1762.0,0.18896,faint,traced,2550.5,0.14773,ink,traced
134155,117673,199.4212,1764.0,0.1932,ink,traced,2580.0,0.08612,ink,traced
134156,117674,199.4228,1740.0,0.14228,faint,traced,2590.0,0.06524,ink,traced
134157,117675,199.4244,1739.0,0.14016,faint,traced,2594.0,0.05689,ink,traced
134158,117676,199.4261,1728.0,0.11683,faint,traced,2603.0,0.03809,ink,traced
134159,117677,199.4277,1726.0,0.11258,faint,traced,2602.0,0.04018,ink,traced
134160,117678,199.4293,1723.0,0.10622,faint,traced,2609.0,0.02556,ink,traced
134161,117679,199.431,1713.0,0.085,ink,traced,2609.0,0.02557,ink,traced
134162,117680,199.4326,1712.0,0.08288,ink,traced,2611.5,0.02035,ink,traced
134163,117681,199.4342,1710.0,0.07863,ink,traced,2609.0,0.02557,ink,traced
134164,117682,199.4359,1707.5,0.07333,ink,traced,2609.0,0.02557,ink,traced
134165,117683,199.4375,1708.0,0.07439,ink,traced,2609.0,0.02557,ink,traced
134166,117684,199.4392,1704.0,0.0659,ink,traced,2609.0,0.02557,ink,traced
134167,117685,199.4408,1699.0,0.05529,faint,traced,2608.0,0.02766,ink,traced
134168,117686,199.4424,1695.0,0.04681,ink,traced,2607.0,0.02975,ink,traced
134169,117687,199.4441,1694.0,0.04468,ink,traced,2610.5,0.02245,ink,traced
134170,117688,199.4457,1693.0,0.04256,faint,traced,2610.0,0.02349,ink,traced
134171,117689,199.4473,1693.0,0.04256,faint,traced,2609.0,0.02558,ink,traced
134172,117690,199.449,1693.0,0.04256,faint,traced,2609.5,0.02454,ink,traced
134173,117691,199.4506,1692.0,0.04044,ink,traced,2608.0,0.02767,ink,traced
134174,117692,199.4522,1693.0,0.04256,ink,traced,2607.0,0.02976,ink,traced
134175,117693,199.4539,1693.0,0.04255,ink,traced,2603.5,0.03707,ink,traced
134176,117694,199.4555,1694.0,0.04467,ink,traced,2604.0,0.03603,ink,traced
134177,117695,199.4571,1692.0,0.04043,ink,traced,2603.0,0.03812,ink,traced
134178,117696,199.4588,1692.0,0.04043,ink,traced,2602.0,0.04021,ink,traced
134179,117697,199.4604,1692.0,0.04043,ink,traced,2600.5,0.04335,ink,traced
134180,117698,199.462,1692.0,0.04042,ink,traced,2599.0,0.04648,ink,traced
134181,117699,199.4637,1691.0,0.0383,ink,traced,2598.5,0.04753,ink,traced
134182,117700,199.4653,1695.0,0.04679,ink,traced,2597.0,0.05066,ink,traced
134183,117701,199.467,1693.0,0.04254,ink,traced,2595.0,0.05484,ink,traced
134184,117702,199.4686,1691.5,0.03936,ink,traced,2594.0,0.05693,ink,traced
134185,117703,199.4702,1693.0,0.04254,ink,traced,2592.0,0.06111,ink,traced
134186,117704,199.4719,1692.0,0.04042,ink,traced,2587.0,0.07155,ink,traced
134187,117705,199.4735,1692.0,0.04041,ink,traced,2589.0,0.06738,ink,traced
134188,117706,199.4751,1693.0,0.04253,ink,traced,2588.0,0.06947,ink,traced
134189,117707,199.4768,1691.0,0.03829,ink,traced,2586.0,0.07365,ink,traced
134190,117708,199.4784,1693.5,0.04359,ink,traced,2584.5,0.07678,ink,traced
134191,117709,199.48,1693.0,0.04253,ink,traced,2582.5,0.08096,ink,traced
134192,117710,199.4817,1691.5,0.03935,ink,traced,2581.0,0.08409,ink,traced
134193,117711,199.4833,1691.5,0.03934,ink,traced,2579.0,0.08827,ink,traced
134194,117712,199.4849,1692.5,0.04146,ink,traced,2577.0,0.09245,ink,traced
134195,117713,199.4866,1691.0,0.03828,ink,traced,2575.5,0.09558,ink,traced
134196,117714,199.4882,1690.0,0.03616,ink,traced,2572.5,0.10185,ink,traced
134197,117715,199.4898,1691.5,0.03934,ink,traced,2571.0,0.10499,ink,traced
134198,117716,199.4915,1693.5,0.04358,ink,traced,2569.0,0.10916,ink,traced
134199,117717,199.4931,1692.0,0.04039,ink,traced,2564.5,0.11856,ink,traced
134200,117718,199.4948,1693.0,0.04251,ink,traced,2563.0,0.1217,ink,traced
134201,117719,199.4964,1693.0,0.04251,ink,traced,2561.5,0.12483,ink,traced
134202,117720,199.498,1693.0,0.04251,ink,traced,2558.5,0.1311,ink,traced
134203,117721,199.4997,1692.5,0.04145,ink,traced,2555.5,0.13737,ink,traced
134204,117722,199.5013,1692.0,0.04039,ink,traced,2554.5,0.13946,ink,traced
134205,117723,199.5029,1692.0,0.04039,ink,traced,2553.0,0.14259,ink,traced
134206,117724,199.5046,1692.0,0.04038,ink,traced,2551.0,0.14677,ink,traced
134207,117725,199.5062,1692.0,0.04038,ink,traced,2547.5,0.15408,ink,traced
134208,117726,199.5078,1692.0,0.04038,ink,traced,2544.5,0.16035,ink,traced
134209,117727,199.5095,1692.0,0.04038,ink,traced,2542.5,0.16453,ink,traced
134210,117728,199.5111,1692.0,0.04038,ink,traced,2540.5,0.16871,ink,traced
134211,117729,199.5127,1692.5,0.04144,ink,traced,2538.5,0.17289,ink,traced
134212,117730,199.5144,1692.0,0.04037,ink,traced,2536.0,0.17811,ink,traced
134213,117731,199.516,1692.5,0.04143,ink,traced,2534.0,0.18229,ink,traced
134214,117732,199.5176,1692.5,0.04143,ink,traced,2530.0,0.19064,ink,traced
134215,117733,199.5193,1692.0,0.04037,ink,traced,2524.0,0.20318,ink,traced
134216,117734,199.5209,1693.0,0.04249,ink,traced,2524.0,0.20318,ink,traced
134217,117735,199.5226,1692.5,0.04143,ink,traced,2520.5,0.21049,ink,traced
134218,117736,199.5242,1692.0,0.04036,ink,traced,2519.0,0.21362,ink,traced
134219,117737,199.5258,1692.0,0.04036,ink,traced,2515.0,0.22198,ink,traced
134220,117738,199.5275,1692.0,0.04036,ink,traced,2513.0,0.22616,ink,traced
134221,117739,199.5291,1692.0,0.04036,ink,traced,2510.5,0.23138,ink,traced
134222,117740,199.5307,1692.0,0.04036,ink,traced,2504.0,0.24496,ink,traced
134223,117741,199.5324,1692.0,0.04036,ink,traced,2503.5,0.246,ink,traced
134224,117742,199.534,1691.5,0.03929,ink,traced,2502.0,0.24914,ink,traced
134225,117743,199.5356,1691.5,0.03929,ink,traced,2498.0,0.25749,ink,traced
134226,117744,199.5373,1692.5,0.04141,ink,traced,2496.0,0.26167,ink,traced
134227,117745,199.5389,1693.5,0.04353,ink,traced,2493.5,0.26689,ink,traced
134228,117746,199.5405,1696.0,0.04883,ink,traced,2490.0,0.27421,ink,traced
134229,117747,199.5422,1699.0,0.0552,ink,traced,2484.5,0.28569,ink,traced
134230,117748,199.5438,1702.0,0.06156,ink,traced,2480.5,0.29405,ink,traced
134231,117749,199.5454,1705.0,0.06792,ink,traced,2478.5,0.29823,ink,traced
134232,117750,199.5471,1710.5,0.07959,ink,traced,2474.0,0.30763,ink,traced
134233,117751,199.5487,1714.0,0.08701,ink,traced,2471.5,0.31285,ink,traced
134234,117752,199.5504,1714.5,0.08807,ink,traced,2470.5,0.31494,ink,traced
134235,117753,199.552,1716.0,0.09125,ink,traced,2465.5,0.32539,ink,traced
134236,117754,199.5536,1719.0,0.09761,ink,traced,2462.5,0.33165,ink,traced
134237,117755,199.5553,1721.5,0.10291,ink,traced,2461.0,0.33479,ink,traced
134238,117756,199.5569,1723.5,0.10715,ink,traced,2457.5,0.3421,ink,traced
134239,117757,199.5585,1725.0,0.11034,ink,traced,2454.0,0.34941,ink,traced
134240,117758,199.5602,1728.0,0.1167,ink,traced,2451.5,0.35463,ink,traced
134241,117759,199.5618,1729.0,0.11882,ink,traced,2447.5,0.36299,ink,traced
134242,117760,199.5634,1734.0,0.12942,ink,traced,2446.5,0.36508,ink,traced
134243,117761,199.5651,1736.5,0.13472,ink,traced,2442.0,0.37448,ink,traced
134244,117762,199.5667,1738.5,0.13896,ink,traced,2439.5,0.3797,ink,traced
134245,117763,199.5683,1743.0,0.14851,ink,traced,2436.5,0.38597,ink,traced
134246,117764,199.57,1746.5,0.15593,ink,traced,2433.0,0.39328,ink,traced
134247,117765,199.5716,1747.5,0.15805,ink,traced,2430.0,0.39955,ink,traced
134248,117766,199.5732,1750.0,0.16335,ink,traced,2425.0,0.40999,ink,traced
134249,117767,199.5749,1752.0,0.16759,ink,traced,2420.5,0.41939,ink,traced
134250,117768,199.5765,1753.0,0.16971,ink,traced,2415.0,0.43088,ink,traced
134251,117769,199.5782,1758.5,0.18138,ink,traced,2416.0,0.42879,ink,traced
134252,117770,199.5798,1760.5,0.18562,ink,traced,2410.0,0.44132,ink,traced
134253,117771,199.5814,1764.0,0.19305,ink,traced,2408.5,0.44446,ink,traced
134254,117772,199.5831,1766.5,0.19835,ink,traced,2407.0,0.44759,ink,traced
134255,117773,199.5847,1770.0,0.20578,ink,traced,2405.5,0.45072,ink,traced
134256,117774,199.5863,1772.5,0.21108,ink,traced,2401.5,0.45907,ink,traced
134257,117775,199.588,1777.0,0.22063,ink,traced,2397.5,0.46743,ink,traced
134258,117776,199.5896,1777.5,0.22169,ink,traced,2393.0,0.47683,ink,traced
134259,117777,199.5912,1782.0,0.23123,ink,traced,2391.5,0.47996,ink,traced
134260,117778,199.5929,1782.0,0.23123,ink,traced,2387.0,0.48936,rule,traced
134261,117779,199.5945,1787.0,0.24184,ink,traced,2384.0,0.49562,rule,traced
134262,117780,199.5961,1789.0,0.24608,ink,traced,2376.0,0.51257,rule,traced
134263,117781,199.5978,1790.5,0.24926,ink,traced,2375.0,0.5147,faint,traced
134264,117782,199.5994,1795.0,0.25881,ink,traced,2374.0,0.51682,ink,traced
134265,117783,199.601,1800.0,0.26942,ink,traced,2373.5,0.51789,ink,traced
134266,117784,199.6027,1801.0,0.27154,ink,traced,2371.0,0.52321,ink,traced
134267,117785,199.6043,1802.5,0.27472,ink,traced,2368.5,0.52853,ink,traced
134268,117786,199.606,1806.5,0.2832,ink,traced,2363.0,0.54023,ink,traced
134269,117787,199.6076,1813.0,0.29699,ink,traced,2361.5,0.54343,ink,traced
134270,117788,199.6092,1812.0,0.29487,ink,traced,2359.5,0.54768,ink,traced
134271,117789,199.6109,1817.0,0.30548,ink,traced,2356.0,0.55513,ink,traced
134272,117790,199.6125,1820.0,0.31184,ink,traced,2355.0,0.55726,ink,traced
134273,117791,199.6141,1824.0,0.32033,ink,traced,2352.5,0.56258,ink,traced
134274,117792,199.6158,1827.5,0.32775,ink,traced,2349.0,0.57003,ink,traced
134275,117793,199.6174,1829.5,0.33199,ink,traced,2344.0,0.58067,ink,traced
134276,117794,199.619,1832.0,0.3373,ink,traced,2341.5,0.58599,ink,traced
134277,117795,199.6207,1836.0,0.34578,ink,traced,2338.0,0.59344,ink,traced
134278,117796,199.6223,1837.0,0.3479,ink,traced,2337.0,0.59557,ink,traced
134279,117797,199.6239,1841.0,0.35639,ink,traced,2334.0,0.60195,ink,traced
134280,117798,199.6256,1846.0,0.367,ink,traced,2332.0,0.60621,ink,traced
134281,117799,199.6272,1848.0,0.37124,ink,traced,2328.0,0.61472,ink,traced
134282,117800,199.6288,1853.0,0.38184,faint,traced,2326.0,0.61898,ink,traced
134283,117801,199.6305,1856.0,0.38821,ink,traced,2322.5,0.62643,ink,traced
134284,117802,199.6321,1860.0,0.39669,ink,traced,2321.0,0.62962,ink,traced
134285,117803,199.6337,1863.5,0.40412,ink,traced,2320.0,0.63175,ink,traced
134286,117804,199.6354,1868.5,0.41472,ink,traced,2319.5,0.63281,ink,traced
134287,117805,199.637,1871.5,0.42109,ink,traced,2321.0,0.62962,ink,traced
134288,117806,199.6387,1873.0,0.42427,ink,traced,2321.0,0.62962,ink,traced
134289,117807,199.6403,1877.5,0.43382,ink,traced,2321.0,0.62962,ink,traced
134290,117808,199.6419,1878.5,0.43594,ink,traced,2321.0,0.62962,ink,traced
134291,117809,199.6436,1880.0,0.43912,ink,traced,2321.5,0.62856,ink,traced
134292,117810,199.6452,1882.0,0.44336,hole,traced,2319.0,0.63388,ink,traced
134293,117811,199.6468,1882.0,0.44336,hole,traced,2319.0,0.63388,ink,traced
134294,117812,199.6485,1882.0,0.44336,hole,traced,2319.0,0.63388,ink,traced
134295,117813,199.6501,1882.0,0.44336,hole,traced,2319.0,0.63388,ink,traced
134296,117814,199.6517,1882.0,0.44336,hole,traced,2319.0,0.63388,ink,traced
134297,117815,199.6534,1882.0,0.44336,hole,traced,2319.5,0.63281,ink,traced
134298,117816,199.655,1882.0,0.44336,hole,traced,2320.0,0.63175,ink,traced
134299,117817,199.6566,1882.0,0.44336,hole,traced,2320.0,0.63175,ink,traced
134300,117818,199.6583,1850.0,0.37548,faint,traced,2320.5,0.63069,ink,traced
134301,117819,199.6599,1864.0,0.40518,faint,traced,2320.0,0.63175,ink,traced
134302,117820,199.6615,1862.0,0.40094,gap,traced,2320.5,0.63069,ink,traced
134303,117821,199.6632,1882.0,0.44336,hole,traced,2321.0,0.62962,ink,traced
134304,117822,199.6648,1881.0,0.44124,hole,traced,2321.0,0.62962,ink,traced
134305,117823,199.6665,1881.0,0.44124,hole,traced,2321.0,0.62962,ink,traced
134306,117824,199.6681,1870.0,0.41791,faint,traced,2321.5,0.62856,ink,traced
134307,117825,199.6697,1859.0,0.39457,gap,traced,2321.5,0.62856,ink,traced
134308,117826,199.6714,1858.0,0.39245,faint,traced,2321.5,0.62856,ink,traced
134309,117827,199.673,1858.0,0.39245,faint,traced,2321.5,0.62856,ink,traced
134310,117828,199.6746,1901.0,0.48367,hole,traced,2321.5,0.62856,ink,traced
134311,117829,199.6763,1901.0,0.48367,hole,traced,2321.5,0.62856,ink,traced
134312,117830,199.6779,1901.0,0.48367,hole,traced,2321.5,0.62856,ink,traced
134313,117831,199.6795,1902.0,0.48579,hole,traced,2321.5,0.62856,ink,traced
134314,117832,199.6812,1900.0,0.48155,hole,traced,2321.5,0.62856,ink,traced
134315,117833,199.6828,1900.0,0.48155,hole,traced,2321.5,0.62856,ink,traced
134316,117834,199.6844,1900.0,0.48155,hole,traced,2322.0,0.62749,ink,traced
134317,117835,199.6861,1931.0,0.5468,faint,traced,2321.5,0.62856,ink,traced
134318,117836,199.6877,1930.0,0.5447,ink,traced,2321.5,0.62856,ink,traced
134319,117837,199.6893,1929.5,0.54365,ink,traced,2321.5,0.62856,ink,traced
134320,117838,199.691,1929.5,0.54365,ink,traced,2321.5,0.62856,ink,traced
134321,117839,199.6926,1929.5,0.54365,ink,traced,2322.0,0.62749,ink,traced
134322,117840,199.6943,1929.5,0.54365,ink,traced,2322.0,0.62749,ink,traced
134323,117841,199.6959,1929.5,0.54365,ink,traced,2322.5,0.62643,ink,traced
134324,117842,199.6975,1929.5,0.54365,ink,traced,2322.0,0.62749,ink,traced
134325,117843,199.6992,1929.5,0.54365,ink,traced,2322.0,0.62749,ink,traced
134326,117844,199.7008,1929.5,0.54365,ink,traced,2322.0,0.62749,ink,traced
134327,117845,199.7024,1929.5,0.54365,ink,traced,2322.0,0.62749,ink,traced
134328,117846,199.7041,1929.5,0.54365,ink,traced,2322.0,0.62749,ink,traced
134329,117847,199.7057,1929.5,0.54365,ink,traced,2321.5,0.62856,ink,traced
134330,117848,199.7073,1929.0,0.5426,ink,traced,2320.5,0.63069,ink,traced
134331,117849,199.709,1929.0,0.5426,ink,traced,2319.0,0.63388,ink,traced
134332,117850,199.7106,1928.5,0.54155,ink,traced,2316.0,0.64026,ink,traced
134333,117851,199.7122,1928.0,0.5405,ink,traced,2306.0,0.66155,ink,traced
134334,117852,199.7139,1928.5,0.54155,ink,traced,2308.0,0.65729,ink,traced
134335,117853,199.7155,1928.0,0.5405,ink,traced,2306.5,0.66048,ink,traced
134336,117854,199.7171,1928.0,0.5405,ink,traced,2302.5,0.669,ink,traced
134337,117855,199.7188,1928.0,0.5405,ink,traced,2296.5,0.68176,ink,traced
134338,117856,199.7204,1929.0,0.5426,ink,traced,2294.5,0.68602,ink,traced
134339,117857,199.7221,1929.0,0.5426,ink,traced,2287.5,0.70092,ink,traced
134340,117858,199.7237,1929.0,0.5426,ink,traced,2287.5,0.70092,ink,traced
134341,117859,199.7253,1929.0,0.5426,ink,traced,2284.5,0.7073,ink,traced
134342,117860,199.727,1929.5,0.54365,ink,traced,2283.5,0.70943,ink,traced
134343,117861,199.7286,1929.5,0.54365,ink,traced,2279.5,0.71795,ink,traced
134344,117862,199.7302,1930.0,0.5447,ink,traced,2276.5,0.72433,ink,traced
134345,117863,199.7319,1930.0,0.5447,ink,traced,2273.5,0.73071,ink,traced
134346,117864,199.7335,1930.0,0.5447,ink,traced,2271.5,0.73497,ink,traced
134347,117865,199.7351,1930.0,0.5447,ink,traced,2266.5,0.74561,ink,traced
134348,117866,199.7368,1930.0,0.5447,ink,traced,2265.5,0.74774,ink,traced
134349,117867,199.7384,1930.5,0.54575,ink,traced,2264.0,0.75093,ink,traced
134350,117868,199.74,1930.0,0.5447,ink,traced,2259.5,0.76051,ink,traced
134351,117869,199.7417,1930.0,0.5447,ink,traced,2254.5,0.77115,ink,traced
134352,117870,199.7433,1931.0,0.5468,ink,traced,2253.5,0.77328,ink,traced
134353,117871,199.7449,1931.0,0.5468,ink,traced,2251.0,0.7786,ink,traced
134354,117872,199.7466,1931.0,0.5468,ink,traced,2245.0,0.79137,ink,traced
134355,117873,199.7482,1931.0,0.5468,ink,traced,2243.5,0.79456,ink,traced
134356,117874,199.7499,1931.0,0.5468,ink,traced,2241.5,0.79882,ink,traced
134357,117875,199.7515,1931.5,0.54785,ink,traced,2238.0,0.80627,ink,traced
134358,117876,199.7531,1932.0,0.54889,ink,traced,2235.0,0.81265,ink,traced
134359,117877,199.7548,1933.0,0.55099,ink,traced,2230.0,0.82329,ink,traced
134360,117878,199.7564,1934.0,0.55309,ink,traced,2230.0,0.82329,ink,traced
134361,117879,199.758,1936.5,0.55834,ink,traced,2226.0,0.83181,ink,traced
134362,117880,199.7597,1939.5,0.56463,ink,traced,2223.0,0.83819,ink,traced
134363,117881,199.7613,1944.5,0.57513,ink,traced,2222.0,0.84032,ink,traced
134364,117882,199.7629,1946.5,0.57932,ink,traced,2217.0,0.85096,ink,traced
134365,117883,199.7646,1956.0,0.59926,ink,traced,2215.0,0.85522,ink,traced
134366,117884,199.7662,1955.5,0.59821,ink,traced,2214.0,0.85735,ink,traced
134367,117885,199.7678,1958.0,0.60345,ink,traced,2209.0,0.86799,ink,traced
134368,117886,199.7695,1965.0,0.61814,ink,traced,2206.5,0.87331,ink,traced
134369,117887,199.7711,1968.0,0.62444,ink,traced,2204.0,0.87863,ink,traced
134370,117888,199.7727,1972.5,0.63388,ink,traced,2204.0,0.87863,faint,traced
134371,117889,199.7744,1976.0,0.64123,ink,traced,2201.0,0.88501,faint,traced
134372,117890,199.776,1979.5,0.64857,ink,traced,2198.0,0.8914,ink,traced
134373,117891,199.7777,1984.0,0.65801,ink,traced,2193.0,0.90204,faint,traced
134374,117892,199.7793,1988.5,0.66746,ink,traced,2193.0,0.90204,ink,traced
134375,117893,199.7809,1991.0,0.6727,ink,traced,2189.0,0.91055,ink,traced
134376,117894,199.7826,1993.0,0.6769,ink,traced,2185.0,0.91907,ink,traced
134377,117895,199.7842,1998.0,0.68739,ink,traced,2182.0,0.92545,ink,traced
134378,117896,199.7858,2003.0,0.69788,ink,traced,2181.0,0.92758,faint,traced
134379,117897,199.7875,2003.5,0.69893,ink,traced,2177.0,0.93609,ink,traced
134380,117898,199.7891,2008.0,0.70838,ink,traced,2176.0,0.93822,ink,traced
134381,117899,199.7907,2010.0,0.71257,ink,traced,2175.0,0.94035,ink,traced
134382,117900,199.7924,2014.0,0.72097,ink,traced,2171.0,0.94886,faint,traced
134383,117901,199.794,2022.0,0.73775,ink,traced,2169.0,0.95312,faint,traced
134384,117902,199.7956,2023.0,0.73985,ink,traced,2169.0,0.95312,faint,traced
134385,117903,199.7973,2026.0,0.74615,ink,traced,2169.0,0.95312,ink,traced
134386,117904,199.7989,2028.0,0.75034,ink,traced,2169.0,0.95312,ink,traced
134387,117905,199.8005,2034.5,0.76398,ink,traced,2168.5,0.95418,ink,traced
134388,117906,199.8022,2041.0,0.77762,ink,traced,2169.0,0.95312,ink,traced
134389,117907,199.8038,2040.0,0.77553,ink,traced,2168.0,0.95525,ink,traced
134390,117908,199.8055,2044.0,0.78392,ink,traced,2170.5,0.94993,ink,traced
134391,117909,199.8071,2048.0,0.79231,ink,traced,2169.0,0.95312,ink,traced
134392,117910,199.8087,2049.0,0.79441,ink,traced,2169.0,0.95312,ink,traced
134393,117911,199.8104,2054.0,0.8049,ink,traced,2169.0,0.95312,ink,traced
134394,117912,199.812,2056.0,0.8091,ink,traced,2169.5,0.95205,ink,traced
134395,117913,199.8136,2058.0,0.8133,ink,traced,2168.0,0.95525,ink,traced
134396,117914,199.8153,2062.0,0.82169,ink,traced,2168.5,0.95418,ink,traced
134397,117915,199.8169,2063.0,0.82379,ink,traced,2169.0,0.95312,ink,traced
134398,117916,199.8185,2068.0,0.83428,ink,traced,2169.0,0.95312,ink,traced
134399,117917,199.8202,2070.0,0.83848,ink,traced,2169.5,0.95205,ink,traced
134400,117918,199.8218,2073.0,0.84477,ink,traced,2169.5,0.95205,ink,traced
134401,117919,199.8234,2074.0,0.84687,ink,traced,2169.5,0.95205,ink,traced
134402,117920,199.8251,2079.0,0.85736,ink,traced,2170.0,0.95099,ink,traced
134403,117921,199.8267,2080.5,0.86051,ink,traced,2170.0,0.95099,ink,traced
134404,117922,199.8283,2082.0,0.86366,ink,traced,2170.0,0.95099,ink,traced
134405,117923,199.83,2084.0,0.86786,ink,traced,2170.0,0.95099,ink,traced
134406,117924,199.8316,2087.0,0.87415,ink,traced,2170.0,0.95099,ink,traced
134407,117925,199.8333,2088.0,0.87625,ink,traced,2170.0,0.95099,ink,traced
134408,117926,199.8349,2090.0,0.88045,ink,traced,2170.5,0.94993,ink,traced
134409,117927,199.8365,2091.0,0.88255,ink,traced,2170.0,0.95099,ink,traced
134410,117928,199.8382,2093.0,0.88674,ink,traced,2170.0,0.95099,ink,traced
134411,117929,199.8398,2093.0,0.88674,ink,traced,2170.0,0.95099,ink,traced
134412,117930,199.8414,2096.0,0.89304,ink,traced,2169.5,0.95205,ink,traced
134413,117931,199.8431,2095.0,0.89094,ink,traced,2169.5,0.95205,ink,traced
134414,117932,199.8447,2099.0,0.89933,ink,traced,2169.5,0.95205,ink,traced
134415,117933,199.8463,2099.0,0.89933,ink,traced,2170.0,0.95099,ink,traced
134416,117934,199.848,2098.5,0.89828,ink,traced,2170.0,0.95099,ink,traced
134417,117935,199.8496,2097.0,0.89514,ink,traced,2170.0,0.95099,ink,traced
134418,117936,199.8512,2098.0,0.89723,ink,traced,2170.5,0.94993,ink,traced
134419,117937,199.8529,2099.0,0.89933,ink,traced,2170.0,0.95099,ink,traced
134420,117938,199.8545,2099.5,0.90038,ink,traced,2169.5,0.95205,ink,traced
134421,117939,199.8561,2099.0,0.89933,ink,traced,2169.5,0.95205,ink,traced
134422,117940,199.8578,2101.0,0.90353,ink,traced,2170.0,0.95099,ink,traced
134423,117941,199.8594,2103.0,0.90773,ink,traced,2175.0,0.94035,ink,traced
134424,117942,199.861,2103.0,0.90773,ink,traced,2176.0,0.93822,ink,traced
134425,117943,199.8627,2101.0,0.90353,ink,traced,2178.0,0.93396,ink,traced
134426,117944,199.8643,2100.0,0.90143,ink,traced,2181.0,0.92758,ink,traced
134427,117945,199.866,2100.5,0.90248,ink,traced,2182.0,0.92545,ink,traced
134428,117946,199.8676,2101.0,0.90353,ink,traced,2186.0,0.91694,ink,traced
134429,117947,199.8692,2102.5,0.90668,ink,traced,2190.0,0.90843,ink,traced
134430,117948,199.8709,2101.0,0.90353,ink,traced,2195.0,0.89778,ink,traced
134431,117949,199.8725,2101.0,0.90353,ink,traced,2201.0,0.88501,ink,traced
134432,117950,199.8741,2101.0,0.90353,ink,traced,2208.0,0.87012,ink,traced
134433,117951,199.8758,2101.0,0.90353,ink,traced,2214.0,0.85735,ink,traced
134434,117952,199.8774,2103.0,0.90773,ink,traced,2217.0,0.85096,ink,traced
134435,117953,199.879,2103.0,0.90773,ink,traced,2225.0,0.83394,ink,traced
134436,117954,199.8807,2103.0,0.90773,ink,traced,2234.0,0.81478,ink,traced
134437,117955,199.8823,2102.5,0.90668,ink,traced,2251.0,0.7786,ink,traced
134438,117956,199.8839,2104.0,0.90983,ink,traced,2261.0,0.75732,ink,traced
134439,117957,199.8856,2103.0,0.90773,ink,traced,2276.0,0.72539,ink,traced
134440,117958,199.8872,2102.0,0.90563,ink,traced,2280.0,0.71688,ink,traced
134441,117959,199.8888,2103.0,0.90773,ink,traced,2292.0,0.69134,ink,traced
134442,117960,199.8905,2104.5,0.91087,ink,traced,2309.0,0.65516,ink,traced
134443,117961,199.8921,2105.0,0.91192,ink,traced,2322.0,0.62749,ink,traced
134444,117962,199.8938,2104.5,0.91087,ink,traced,2327.0,0.61685,ink,traced
134445,117963,199.8954,2103.5,0.90878,ink,traced,2327.0,0.61685,ink,traced
134446,117964,199.897,2105.0,0.91192,ink,traced,2358.0,0.55088,ink,traced
134447,117965,199.8987,2103.5,0.90878,ink,traced,2368.0,0.52959,ink,traced
134448,117966,199.9003,2102.5,0.90668,ink,traced,2376.0,0.51257,rule,traced
134449,117967,199.9019,2103.0,0.90773,ink,traced,2404.0,0.45385,ink,traced
134450,117968,199.9036,2105.0,0.91192,ink,traced,2416.0,0.42879,ink,traced
134451,117969,199.9052,2103.0,0.90773,ink,traced,2429.0,0.40164,ink,traced
134452,117970,199.9068,2103.0,0.90773,ink,traced,2446.0,0.36614,ink,traced
134453,117971,199.9085,2104.5,0.91087,ink,traced,2463.5,0.32959,ink,traced
134454,117972,199.9101,2103.0,0.90773,ink,traced,2475.0,0.30557,ink,traced
134455,117973,199.9117,2104.5,0.91087,ink,traced,2491.0,0.27215,ink,traced
134456,117974,199.9134,2104.5,0.91087,ink,traced,2505.5,0.24187,ink,traced
134457,117975,199.915,2103.0,0.90773,ink,traced,2516.5,0.21889,ink,traced
134458,117976,199.9166,2104.5,0.91087,ink,traced,2529.5,0.19174,ink,traced
134459,117977,199.9183,2104.0,0.90983,ink,traced,2549.0,0.15102,ink,traced
134460,117978,199.9199,2104.0,0.90983,ink,traced,2569.5,0.1082,ink,traced
134461,117979,199.9216,2104.0,0.90983,ink,traced,2580.0,0.08627,ink,traced
134462,117980,199.9232,2104.0,0.90983,ink,traced,2588.0,0.06956,ink,traced
134463,117981,199.9248,2105.0,0.91192,ink,traced,2595.0,0.05494,ink,traced
134464,117982,199.9265,2105.0,0.91192,ink,traced,2598.0,0.04868,ink,traced
134465,117983,199.9281,2103.5,0.90878,ink,traced,2599.5,0.04554,ink,traced
134466,117984,199.9297,2105.0,0.91192,ink,traced,2603.5,0.03719,ink,traced
134467,117985,199.9314,2103.5,0.90878,ink,traced,2607.5,0.02884,ink,traced
134468,117986,199.933,2104.0,0.90983,ink,traced,2607.0,0.02988,ink,traced
134469,117987,199.9346,2105.0,0.91192,ink,traced,2608.5,0.02675,ink,traced
134470,117988,199.9363,2104.0,0.90983,ink,traced,2608.5,0.02675,ink,traced
134471,117989,199.9379,2106.0,0.91402,ink,traced,2609.0,0.0257,ink,traced
134472,117990,199.9395,2105.0,0.91192,ink,traced,2607.0,0.02988,ink,traced
134473,117991,199.9412,2105.0,0.91192,ink,traced,2608.0,0.02779,ink,traced
134474,117992,199.9428,2105.0,0.91192,ink,traced,2610.0,0.02362,ink,traced
134475,117993,199.9444,2106.0,0.91402,ink,traced,2610.0,0.02362,ink,traced
134476,117994,199.9461,2104.5,0.91087,ink,traced,2610.5,0.02257,ink,traced
134477,117995,199.9477,2104.0,0.90983,ink,traced,2606.5,0.03093,ink,traced
134478,117996,199.9494,2104.5,0.91087,ink,traced,2608.5,0.02675,ink,traced
134479,117997,199.951,2104.5,0.91087,ink,traced,2610.5,0.02257,ink,traced
134480,117998,199.9526,2105.5,0.91297,ink,traced,2610.5,0.02257,ink,traced
134481,117999,199.9543,2105.5,0.91297,ink,traced,2609.0,0.0257,ink,traced
134482,118000,199.9559,2103.0,0.90773,ink,traced,2608.5,0.02675,ink,traced
134483,118001,199.9575,2103.5,0.90878,ink,traced,2607.5,0.02884,ink,traced
134484,118002,199.9592,2103.5,0.90878,ink,traced,2608.5,0.02675,ink,traced
134485,118003,199.9608,2103.5,0.90878,ink,traced,2609.0,0.0257,ink,traced
134486,118004,199.9624,2103.5,0.90878,ink,traced,2606.5,0.03093,ink,traced
134487,118005,199.9641,2103.5,0.90878,ink,traced,2608.5,0.02675,ink,traced
134488,118006,199.9657,2104.5,0.91087,ink,traced,2609.0,0.0257,ink,traced
134489,118007,199.9673,2103.0,0.90773,ink,traced,2607.5,0.02884,ink,traced
134490,118008,199.969,2103.5,0.90878,ink,traced,2608.5,0.02675,ink,traced
134491,118009,199.9706,2105.0,0.91192,ink,traced,2607.5,0.02884,ink,traced
134492,118010,199.9722,2103.5,0.90878,ink,traced,2606.5,0.03093,ink,traced
134493,118011,199.9739,2103.0,0.90773,ink,traced,2606.0,0.03197,ink,traced
134494,118012,199.9755,2105.0,0.91192,ink,traced,2605.5,0.03301,ink,traced
134495,118013,199.9772,2105.0,0.91192,ink,traced,2605.5,0.03301,ink,traced
134496,118014,199.9788,2105.0,0.91192,ink,traced,2606.0,0.03197,ink,traced
134497,118015,199.9804,2102.5,0.90668,ink,traced,2605.5,0.03301,ink,traced
134498,118016,199.9821,2102.0,0.90563,ink,traced,2604.5,0.0351,ink,traced
134499,118017,199.9837,2102.0,0.90563,ink,traced,2608.0,0.02779,ink,traced
